2.601250000000000000e+02,-6.250000000000000000e-02,-6.250000000000000000e-02,4.375000000000000000e-01,-6.250000000000000000e-02,-6.250000000000000000e-02,-1.250000000000000000e-01,2.500000000000000000e-01,-6.250000000000000000e-02,3.234375000000000000e+02,-6.250000000000000000e-02,-6.250000000000000000e-02,1.125000000000000000e+00,8.125000000000000000e-01,-6.250000000000000000e-02,0.000000000000000000e+00,-6.250000000000000000e-02,-6.250000000000000000e-02,1.000000000000000000e+00
2.601250000000000000e+02,-6.250000000000000000e-02,-6.250000000000000000e-02,4.375000000000000000e-01,-6.250000000000000000e-02,-6.250000000000000000e-02,-6.250000000000000000e-02,1.875000000000000000e-01,-6.250000000000000000e-02,3.234375000000000000e+02,-6.250000000000000000e-02,-6.250000000000000000e-02,1.187500000000000000e+00,7.500000000000000000e-01,-6.250000000000000000e-02,-1.250000000000000000e-01,-6.250000000000000000e-01,-2.500000000000000000e-01,1.000000000000000000e+00
2.601250000000000000e+02,-6.250000000000000000e-02,-6.250000000000000000e-02,3.125000000000000000e-01,-6.250000000000000000e-02,-6.250000000000000000e-02,-6.250000000000000000e-02,2.500000000000000000e-01,-6.250000000000000000e-02,3.234375000000000000e+02,-6.250000000000000000e-02,-6.250000000000000000e-02,1.062500000000000000e+00,9.375000000000000000e-01,-6.250000000000000000e-02,-1.250000000000000000e-01,-5.625000000000000000e-01,-5.000000000000000000e-01,1.000000000000000000e+00
2.601250000000000000e+02,-6.250000000000000000e-02,-6.250000000000000000e-02,3.750000000000000000e-01,-6.250000000000000000e-02,-6.250000000000000000e-02,-6.250000000000000000e-02,2.500000000000000000e-01,-6.250000000000000000e-02,3.234375000000000000e+02,-6.250000000000000000e-02,-6.250000000000000000e-02,1.000000000000000000e+00,9.375000000000000000e-01,-6.250000000000000000e-02,-6.250000000000000000e-02,-4.375000000000000000e-01,-5.625000000000000000e-01,1.000000000000000000e+00
2.601875000000000000e+02,-6.250000000000000000e-02,-6.250000000000000000e-02,6.250000000000000000e-02,-6.250000000000000000e-02,-6.250000000000000000e-02,-1.250000000000000000e-01,2.500000000000000000e-01,-6.250000000000000000e-02,3.234375000000000000e+02,-6.250000000000000000e-02,-6.250000000000000000e-02,1.125000000000000000e+00,8.125000000000000000e-01,-6.250000000000000000e-02,-6.250000000000000000e-02,-6.250000000000000000e-01,-5.625000000000000000e-01,1.000000000000000000e+00
2.601875000000000000e+02,-6.250000000000000000e-02,-6.250000000000000000e-02,6.250000000000000000e-02,-6.250000000000000000e-02,-6.250000000000000000e-02,-1.250000000000000000e-01,2.500000000000000000e-01,-6.250000000000000000e-02,3.235000000000000000e+02,-6.250000000000000000e-02,-6.250000000000000000e-02,1.062500000000000000e+00,8.750000000000000000e-01,-6.250000000000000000e-02,-1.250000000000000000e-01,-4.375000000000000000e-01,-5.625000000000000000e-01,1.000000000000000000e+00
2.601875000000000000e+02,-6.250000000000000000e-02,-6.250000000000000000e-02,3.125000000000000000e-01,-6.250000000000000000e-02,-6.250000000000000000e-02,-6.250000000000000000e-02,3.125000000000000000e-01,-6.250000000000000000e-02,3.235000000000000000e+02,-6.250000000000000000e-02,-6.250000000000000000e-02,7.500000000000000000e-01,1.000000000000000000e+00,-6.250000000000000000e-02,-3.750000000000000000e-01,-3.750000000000000000e-01,-5.000000000000000000e-01,1.000000000000000000e+00
2.601875000000000000e+02,-6.250000000000000000e-02,-6.250000000000000000e-02,3.125000000000000000e-01,-6.250000000000000000e-02,-6.250000000000000000e-02,-6.250000000000000000e-02,3.125000000000000000e-01,-6.250000000000000000e-02,3.235000000000000000e+02,-6.250000000000000000e-02,-6.250000000000000000e-02,5.625000000000000000e-01,8.125000000000000000e-01,-6.250000000000000000e-02,-2.500000000000000000e-01,-7.500000000000000000e-01,-1.875000000000000000e-01,1.000000000000000000e+00
2.601875000000000000e+02,-6.250000000000000000e-02,-6.250000000000000000e-02,1.875000000000000000e-01,2.500000000000000000e-01,-6.250000000000000000e-02,-1.875000000000000000e-01,3.125000000000000000e-01,-6.250000000000000000e-02,3.235000000000000000e+02,-6.250000000000000000e-02,-6.250000000000000000e-02,6.250000000000000000e-01,8.125000000000000000e-01,-6.250000000000000000e-02,0.000000000000000000e+00,-6.250000000000000000e-02,-6.250000000000000000e-02,1.000000000000000000e+00
2.601875000000000000e+02,-6.250000000000000000e-02,-6.250000000000000000e-02,6.250000000000000000e-01,1.875000000000000000e-01,-6.250000000000000000e-02,-1.875000000000000000e-01,1.875000000000000000e-01,-6.250000000000000000e-02,3.235000000000000000e+02,-6.250000000000000000e-02,-6.250000000000000000e-02,9.375000000000000000e-01,8.125000000000000000e-01,1.875000000000000000e-01,-6.250000000000000000e-02,-4.375000000000000000e-01,-1.250000000000000000e-01,1.000000000000000000e+00
2.602500000000000000e+02,-6.250000000000000000e-02,-6.250000000000000000e-02,9.375000000000000000e-01,1.250000000000000000e-01,-6.250000000000000000e-02,-2.500000000000000000e-01,3.750000000000000000e-01,-6.250000000000000000e-02,3.235000000000000000e+02,-6.250000000000000000e-02,-6.250000000000000000e-02,9.375000000000000000e-01,8.125000000000000000e-01,1.875000000000000000e-01,-1.250000000000000000e-01,-4.375000000000000000e-01,-6.250000000000000000e-01,1.000000000000000000e+00
2.602500000000000000e+02,-6.250000000000000000e-02,-6.250000000000000000e-02,8.125000000000000000e-01,-6.250000000000000000e-02,-6.250000000000000000e-02,-1.250000000000000000e-01,5.625000000000000000e-01,-6.250000000000000000e-02,3.235000000000000000e+02,-6.250000000000000000e-02,-6.250000000000000000e-02,1.312500000000000000e+00,8.750000000000000000e-01,0.000000000000000000e+00,-1.250000000000000000e-01,-4.375000000000000000e-01,-6.250000000000000000e-01,1.000000000000000000e+00
2.602500000000000000e+02,-6.250000000000000000e-02,-6.250000000000000000e-02,8.125000000000000000e-01,-6.250000000000000000e-02,-6.250000000000000000e-02,-1.250000000000000000e-01,5.625000000000000000e-01,-6.250000000000000000e-02,3.235000000000000000e+02,-6.250000000000000000e-02,-6.250000000000000000e-02,1.625000000000000000e+00,9.375000000000000000e-01,-6.250000000000000000e-02,-2.500000000000000000e-01,-3.750000000000000000e-01,-5.000000000000000000e-01,1.000000000000000000e+00
2.602500000000000000e+02,-6.250000000000000000e-02,-6.250000000000000000e-02,8.125000000000000000e-01,6.250000000000000000e-02,-6.250000000000000000e-02,-1.875000000000000000e-01,5.000000000000000000e-01,-6.250000000000000000e-02,3.235000000000000000e+02,-6.250000000000000000e-02,-6.250000000000000000e-02,1.500000000000000000e+00,9.375000000000000000e-01,-6.250000000000000000e-02,-1.875000000000000000e-01,-4.375000000000000000e-01,-8.750000000000000000e-01,1.000000000000000000e+00
2.602500000000000000e+02,-6.250000000000000000e-02,-6.250000000000000000e-02,1.187500000000000000e+00,6.250000000000000000e-02,-6.250000000000000000e-02,-1.875000000000000000e-01,5.000000000000000000e-01,-6.250000000000000000e-02,3.235625000000000000e+02,-6.250000000000000000e-02,-6.250000000000000000e-02,1.500000000000000000e+00,9.375000000000000000e-01,-6.250000000000000000e-02,-1.875000000000000000e-01,-4.375000000000000000e-01,-8.750000000000000000e-01,1.000000000000000000e+00
2.602500000000000000e+02,-6.250000000000000000e-02,-6.250000000000000000e-02,1.562500000000000000e+00,1.000000000000000000e+00,-6.250000000000000000e-02,-5.625000000000000000e-01,3.125000000000000000e-01,-6.250000000000000000e-02,3.235625000000000000e+02,-6.250000000000000000e-02,-6.250000000000000000e-02,1.375000000000000000e+00,7.500000000000000000e-01,-6.250000000000000000e-02,-2.500000000000000000e-01,-5.000000000000000000e-01,-5.625000000000000000e-01,1.000000000000000000e+00
2.603125000000000000e+02,-6.250000000000000000e-02,-6.250000000000000000e-02,1.375000000000000000e+00,2.000000000000000000e+00,-6.250000000000000000e-02,-6.250000000000000000e-01,1.875000000000000000e-01,-6.250000000000000000e-02,3.235625000000000000e+02,-6.250000000000000000e-02,-6.250000000000000000e-02,1.375000000000000000e+00,8.125000000000000000e-01,-6.250000000000000000e-02,-3.750000000000000000e-01,-4.375000000000000000e-01,-6.875000000000000000e-01,1.000000000000000000e+00
2.603125000000000000e+02,-6.250000000000000000e-02,-6.250000000000000000e-02,1.375000000000000000e+00,2.000000000000000000e+00,-6.250000000000000000e-02,-6.250000000000000000e-01,1.875000000000000000e-01,-6.250000000000000000e-02,3.235625000000000000e+02,-6.250000000000000000e-02,-6.250000000000000000e-02,1.312500000000000000e+00,1.000000000000000000e+00,-6.250000000000000000e-02,-2.500000000000000000e-01,-5.625000000000000000e-01,-8.125000000000000000e-01,1.000000000000000000e+00
2.603125000000000000e+02,-6.250000000000000000e-02,-6.250000000000000000e-02,1.625000000000000000e+00,2.500000000000000000e+00,-6.250000000000000000e-02,-6.250000000000000000e-01,1.875000000000000000e-01,-6.250000000000000000e-02,3.236250000000000000e+02,-6.250000000000000000e-02,-6.250000000000000000e-02,1.250000000000000000e+00,8.750000000000000000e-01,-6.250000000000000000e-02,-1.875000000000000000e-01,-7.500000000000000000e-01,-8.750000000000000000e-01,1.000000000000000000e+00
2.603750000000000000e+02,-6.250000000000000000e-02,-6.250000000000000000e-02,1.500000000000000000e+00,2.750000000000000000e+00,-6.250000000000000000e-02,-5.000000000000000000e-01,3.125000000000000000e-01,-6.250000000000000000e-02,3.236250000000000000e+02,-6.250000000000000000e-02,-6.250000000000000000e-02,1.250000000000000000e+00,8.750000000000000000e-01,-6.250000000000000000e-02,-3.125000000000000000e-01,-6.875000000000000000e-01,-9.375000000000000000e-01,1.000000000000000000e+00
2.603750000000000000e+02,-6.250000000000000000e-02,-6.250000000000000000e-02,1.562500000000000000e+00,3.187500000000000000e+00,-6.250000000000000000e-02,-5.000000000000000000e-01,3.125000000000000000e-01,-6.250000000000000000e-02,3.236250000000000000e+02,-6.250000000000000000e-02,-6.250000000000000000e-02,6.875000000000000000e-01,8.750000000000000000e-01,-6.250000000000000000e-02,-3.125000000000000000e-01,-6.875000000000000000e-01,-9.375000000000000000e-01,1.000000000000000000e+00
2.603750000000000000e+02,-6.250000000000000000e-02,-6.250000000000000000e-02,1.875000000000000000e+00,3.750000000000000000e+00,-6.250000000000000000e-02,-4.375000000000000000e-01,1.875000000000000000e-01,-6.250000000000000000e-02,3.236250000000000000e+02,-6.250000000000000000e-02,-6.250000000000000000e-02,2.500000000000000000e-01,1.000000000000000000e+00,-6.250000000000000000e-02,-2.500000000000000000e-01,-7.500000000000000000e-01,-4.375000000000000000e-01,1.000000000000000000e+00
2.604375000000000000e+02,-6.250000000000000000e-02,-6.250000000000000000e-02,2.000000000000000000e+00,3.937500000000000000e+00,-6.250000000000000000e-02,-2.500000000000000000e-01,6.250000000000000000e-02,-6.250000000000000000e-02,3.236250000000000000e+02,-6.250000000000000000e-02,-6.250000000000000000e-02,6.250000000000000000e-02,9.375000000000000000e-01,0.000000000000000000e+00,-6.250000000000000000e-02,-9.375000000000000000e-01,-9.375000000000000000e-01,1.000000000000000000e+00
2.604375000000000000e+02,-6.250000000000000000e-02,-6.250000000000000000e-02,2.000000000000000000e+00,3.937500000000000000e+00,-6.250000000000000000e-02,-4.375000000000000000e-01,0.000000000000000000e+00,6.250000000000000000e-02,3.236250000000000000e+02,-6.250000000000000000e-02,-6.250000000000000000e-02,-3.750000000000000000e-01,6.875000000000000000e-01,-6.250000000000000000e-02,-6.250000000000000000e-02,-9.375000000000000000e-01,-5.625000000000000000e-01,1.000000000000000000e+00
2.605000000000000000e+02,-6.250000000000000000e-02,-6.250000000000000000e-02,9.375000000000000000e-01,4.562500000000000000e+00,-6.250000000000000000e-02,-4.375000000000000000e-01,0.000000000000000000e+00,6.250000000000000000e-02,3.236250000000000000e+02,-6.250000000000000000e-02,-6.250000000000000000e-02,-6.250000000000000000e-01,6.250000000000000000e-02,6.250000000000000000e-02,-3.125000000000000000e-01,-1.000000000000000000e+00,-1.250000000000000000e-01,1.000000000000000000e+00
2.605000000000000000e+02,-6.250000000000000000e-02,-6.250000000000000000e-02,-4.375000000000000000e-01,5.750000000000000000e+00,-6.250000000000000000e-02,-3.125000000000000000e-01,-1.250000000000000000e-01,2.500000000000000000e-01,3.236250000000000000e+02,-6.250000000000000000e-02,-6.250000000000000000e-02,-9.375000000000000000e-01,3.750000000000000000e-01,1.250000000000000000e-01,-3.750000000000000000e-01,-1.000000000000000000e+00,-1.250000000000000000e-01,1.000000000000000000e+00
2.605000000000000000e+02,-6.250000000000000000e-02,-6.250000000000000000e-02,-1.812500000000000000e+00,7.125000000000000000e+00,-6.250000000000000000e-02,-1.875000000000000000e-01,-2.500000000000000000e-01,3.750000000000000000e-01,3.236250000000000000e+02,-6.250000000000000000e-02,-6.250000000000000000e-02,-9.375000000000000000e-01,3.750000000000000000e-01,1.250000000000000000e-01,-3.750000000000000000e-01,-1.000000000000000000e+00,-1.250000000000000000e-01,1.000000000000000000e+00
2.605000000000000000e+02,-6.250000000000000000e-02,-6.250000000000000000e-02,-3.062500000000000000e+00,7.750000000000000000e+00,-6.250000000000000000e-02,-1.250000000000000000e-01,-1.250000000000000000e-01,3.750000000000000000e-01,3.235625000000000000e+02,-6.250000000000000000e-02,-6.250000000000000000e-02,-1.437500000000000000e+00,4.375000000000000000e-01,-6.250000000000000000e-02,-2.500000000000000000e-01,-8.750000000000000000e-01,-2.500000000000000000e-01,1.000000000000000000e+00
2.605000000000000000e+02,-6.250000000000000000e-02,-6.250000000000000000e-02,-3.375000000000000000e+00,7.687500000000000000e+00,-6.250000000000000000e-02,0.000000000000000000e+00,2.500000000000000000e-01,3.125000000000000000e-01,3.235625000000000000e+02,-6.250000000000000000e-02,-6.250000000000000000e-02,-1.750000000000000000e+00,1.000000000000000000e+00,-6.250000000000000000e-02,-3.125000000000000000e-01,-8.750000000000000000e-01,-1.875000000000000000e-01,1.000000000000000000e+00
2.604375000000000000e+02,-6.250000000000000000e-02,-6.250000000000000000e-02,-3.500000000000000000e+00,7.875000000000000000e+00,-6.250000000000000000e-02,6.250000000000000000e-02,3.125000000000000000e-01,2.500000000000000000e-01,3.235625000000000000e+02,-6.250000000000000000e-02,-6.250000000000000000e-02,-1.687500000000000000e+00,1.312500000000000000e+00,-6.250000000000000000e-02,-1.250000000000000000e-01,-8.125000000000000000e-01,1.250000000000000000e-01,1.000000000000000000e+00
2.604375000000000000e+02,-6.250000000000000000e-02,-6.250000000000000000e-02,-3.500000000000000000e+00,7.875000000000000000e+00,-6.250000000000000000e-02,1.875000000000000000e-01,5.000000000000000000e-01,0.000000000000000000e+00,3.235625000000000000e+02,-6.250000000000000000e-02,-6.250000000000000000e-02,-1.562500000000000000e+00,1.375000000000000000e+00,1.250000000000000000e-01,-1.875000000000000000e-01,-5.625000000000000000e-01,0.000000000000000000e+00,1.000000000000000000e+00
2.604375000000000000e+02,-6.250000000000000000e-02,-6.250000000000000000e-02,-3.312500000000000000e+00,8.187500000000000000e+00,-6.250000000000000000e-02,1.875000000000000000e-01,5.000000000000000000e-01,0.000000000000000000e+00,3.235000000000000000e+02,-6.250000000000000000e-02,-6.250000000000000000e-02,-1.062500000000000000e+00,1.625000000000000000e+00,-6.250000000000000000e-02,-6.250000000000000000e-02,-6.875000000000000000e-01,-3.750000000000000000e-01,1.000000000000000000e+00
2.604375000000000000e+02,-6.250000000000000000e-02,-6.250000000000000000e-02,-3.250000000000000000e+00,8.437500000000000000e+00,-6.250000000000000000e-02,5.000000000000000000e-01,0.000000000000000000e+00,-6.250000000000000000e-02,3.235000000000000000e+02,-6.250000000000000000e-02,-6.250000000000000000e-02,-1.062500000000000000e+00,1.625000000000000000e+00,-6.250000000000000000e-02,-2.500000000000000000e-01,-5.000000000000000000e-01,-6.250000000000000000e-01,1.000000000000000000e+00
2.603750000000000000e+02,-6.250000000000000000e-02,-6.250000000000000000e-02,-3.875000000000000000e+00,7.812500000000000000e+00,-6.250000000000000000e-02,4.375000000000000000e-01,1.875000000000000000e-01,-6.250000000000000000e-02,3.235000000000000000e+02,-6.250000000000000000e-02,-6.250000000000000000e-02,-2.500000000000000000e+00,1.687500000000000000e+00,-6.250000000000000000e-02,-3.750000000000000000e-01,-2.500000000000000000e-01,-3.125000000000000000e-01,1.000000000000000000e+00
2.603750000000000000e+02,-6.250000000000000000e-02,-6.250000000000000000e-02,-4.125000000000000000e+00,-6.250000000000000000e-02,-6.250000000000000000e-02,0.000000000000000000e+00,1.250000000000000000e-01,0.000000000000000000e+00,3.235000000000000000e+02,-6.250000000000000000e-02,-6.250000000000000000e-02,-2.500000000000000000e+00,1.687500000000000000e+00,-6.250000000000000000e-02,-4.375000000000000000e-01,6.250000000000000000e-02,5.625000000000000000e-01,1.000000000000000000e+00
2.603750000000000000e+02,-6.250000000000000000e-02,-6.250000000000000000e-02,-3.750000000000000000e+00,6.250000000000000000e+00,-6.250000000000000000e-02,-4.375000000000000000e-01,1.062500000000000000e+00,0.000000000000000000e+00,3.234375000000000000e+02,-6.250000000000000000e-02,-6.250000000000000000e-02,-2.562500000000000000e+00,2.375000000000000000e+00,-6.250000000000000000e-02,-4.375000000000000000e-01,6.250000000000000000e-02,5.625000000000000000e-01,1.000000000000000000e+00
2.603750000000000000e+02,-6.250000000000000000e-02,-6.250000000000000000e-02,-3.750000000000000000e+00,6.250000000000000000e+00,-6.250000000000000000e-02,-4.375000000000000000e-01,1.062500000000000000e+00,0.000000000000000000e+00,3.234375000000000000e+02,-6.250000000000000000e-02,-6.250000000000000000e-02,-1.562500000000000000e+00,2.812500000000000000e+00,-6.250000000000000000e-02,-1.875000000000000000e-01,6.250000000000000000e-02,4.375000000000000000e-01,1.000000000000000000e+00
2.603750000000000000e+02,-6.250000000000000000e-02,-6.250000000000000000e-02,-3.062500000000000000e+00,7.000000000000000000e+00,-6.250000000000000000e-02,-2.500000000000000000e-01,1.312500000000000000e+00,4.375000000000000000e-01,3.234375000000000000e+02,-6.250000000000000000e-02,-6.250000000000000000e-02,0.000000000000000000e+00,2.375000000000000000e+00,3.750000000000000000e-01,0.000000000000000000e+00,0.000000000000000000e+00,0.000000000000000000e+00,1.000000000000000000e+00
2.603125000000000000e+02,-6.250000000000000000e-02,-6.250000000000000000e-02,-2.250000000000000000e+00,7.187500000000000000e+00,-6.250000000000000000e-02,6.250000000000000000e-02,1.187500000000000000e+00,6.875000000000000000e-01,3.234375000000000000e+02,-6.250000000000000000e-02,-6.250000000000000000e-02,0.000000000000000000e+00,2.375000000000000000e+00,3.750000000000000000e-01,-6.250000000000000000e-02,0.000000000000000000e+00,-6.250000000000000000e-02,1.000000000000000000e+00
2.603125000000000000e+02,-6.250000000000000000e-02,-6.250000000000000000e-02,-1.937500000000000000e+00,6.187500000000000000e+00,-6.250000000000000000e-02,1.250000000000000000e-01,1.375000000000000000e+00,4.375000000000000000e-01,3.234375000000000000e+02,-6.250000000000000000e-02,-6.250000000000000000e-02,8.750000000000000000e-01,2.187500000000000000e+00,6.875000000000000000e-01,-6.250000000000000000e-02,0.000000000000000000e+00,-6.250000000000000000e-02,1.000000000000000000e+00
2.603125000000000000e+02,-6.250000000000000000e-02,-6.250000000000000000e-02,-1.312500000000000000e+00,4.937500000000000000e+00,-6.250000000000000000e-02,-6.250000000000000000e-02,5.625000000000000000e-01,-6.250000000000000000e-02,3.234375000000000000e+02,-6.250000000000000000e-02,-6.250000000000000000e-02,9.375000000000000000e-01,2.250000000000000000e+00,5.625000000000000000e-01,-6.250000000000000000e-02,-1.875000000000000000e-01,-5.000000000000000000e-01,1.000000000000000000e+00
2.603125000000000000e+02,-6.250000000000000000e-02,-6.250000000000000000e-02,-8.125000000000000000e-01,5.000000000000000000e+00,-6.250000000000000000e-02,-3.750000000000000000e-01,0.000000000000000000e+00,-6.250000000000000000e-02,3.234375000000000000e+02,-6.250000000000000000e-02,-6.250000000000000000e-02,5.000000000000000000e-01,2.062500000000000000e+00,1.875000000000000000e-01,-6.250000000000000000e-02,-1.875000000000000000e-01,-5.000000000000000000e-01,1.000000000000000000e+00
2.603125000000000000e+02,-6.250000000000000000e-02,-6.250000000000000000e-02,-8.125000000000000000e-01,5.000000000000000000e+00,-6.250000000000000000e-02,-3.750000000000000000e-01,0.000000000000000000e+00,-6.250000000000000000e-02,3.234375000000000000e+02,-6.250000000000000000e-02,-6.250000000000000000e-02,-6.250000000000000000e-02,1.812500000000000000e+00,1.250000000000000000e-01,0.000000000000000000e+00,-6.250000000000000000e-02,-6.250000000000000000e-02,1.000000000000000000e+00
2.603125000000000000e+02,-6.250000000000000000e-02,-6.250000000000000000e-02,-1.625000000000000000e+00,6.812500000000000000e+00,-6.250000000000000000e-02,-8.125000000000000000e-01,-3.125000000000000000e-01,-1.125000000000000000e+00,3.234375000000000000e+02,-6.250000000000000000e-02,-6.250000000000000000e-02,-1.875000000000000000e-01,1.812500000000000000e+00,0.000000000000000000e+00,-6.250000000000000000e-02,-7.500000000000000000e-01,-6.875000000000000000e-01,1.000000000000000000e+00
2.603125000000000000e+02,-6.250000000000000000e-02,-6.250000000000000000e-02,-2.375000000000000000e+00,8.687500000000000000e+00,-6.250000000000000000e-02,-4.375000000000000000e-01,-1.875000000000000000e-01,-6.250000000000000000e-01,3.234375000000000000e+02,-6.250000000000000000e-02,-6.250000000000000000e-02,-1.250000000000000000e-01,1.812500000000000000e+00,6.250000000000000000e-02,0.000000000000000000e+00,-6.250000000000000000e-02,-6.250000000000000000e-02,1.000000000000000000e+00
2.603125000000000000e+02,-6.250000000000000000e-02,-6.250000000000000000e-02,-2.687500000000000000e+00,9.375000000000000000e+00,-6.250000000000000000e-02,-2.500000000000000000e-01,-1.250000000000000000e-01,-3.750000000000000000e-01,3.234375000000000000e+02,-6.250000000000000000e-02,-6.250000000000000000e-02,-5.000000000000000000e-01,1.375000000000000000e+00,1.250000000000000000e-01,-1.250000000000000000e-01,-9.375000000000000000e-01,-6.250000000000000000e-01,1.000000000000000000e+00
2.603125000000000000e+02,-6.250000000000000000e-02,-6.250000000000000000e-02,-2.562500000000000000e+00,8.687500000000000000e+00,-6.250000000000000000e-02,-1.875000000000000000e-01,-2.500000000000000000e-01,-6.250000000000000000e-02,3.234375000000000000e+02,-6.250000000000000000e-02,-6.250000000000000000e-02,-6.875000000000000000e-01,1.375000000000000000e+00,1.875000000000000000e-01,-6.250000000000000000e-02,-6.250000000000000000e-01,-2.500000000000000000e-01,1.000000000000000000e+00
2.603125000000000000e+02,-6.250000000000000000e-02,-6.250000000000000000e-02,-2.562500000000000000e+00,7.562500000000000000e+00,-6.250000000000000000e-02,-1.250000000000000000e-01,-1.875000000000000000e-01,-1.875000000000000000e-01,3.234375000000000000e+02,-6.250000000000000000e-02,-6.250000000000000000e-02,-9.375000000000000000e-01,1.437500000000000000e+00,3.125000000000000000e-01,-6.250000000000000000e-02,-5.000000000000000000e-01,-1.250000000000000000e-01,1.000000000000000000e+00
2.602500000000000000e+02,-6.250000000000000000e-02,-6.250000000000000000e-02,-3.500000000000000000e+00,7.000000000000000000e+00,-6.250000000000000000e-02,1.250000000000000000e-01,1.875000000000000000e-01,-6.250000000000000000e-02,3.234375000000000000e+02,-6.250000000000000000e-02,-6.250000000000000000e-02,-8.125000000000000000e-01,1.375000000000000000e+00,2.500000000000000000e-01,-1.250000000000000000e-01,-4.375000000000000000e-01,0.000000000000000000e+00,1.000000000000000000e+00
2.602500000000000000e+02,-6.250000000000000000e-02,-6.250000000000000000e-02,-4.437500000000000000e+00,-6.250000000000000000e-02,-6.250000000000000000e-02,-6.250000000000000000e-02,6.250000000000000000e-01,-6.250000000000000000e-02,3.234375000000000000e+02,-6.250000000000000000e-02,-6.250000000000000000e-02,-9.375000000000000000e-01,1.125000000000000000e+00,3.750000000000000000e-01,0.000000000000000000e+00,-6.250000000000000000e-02,-6.250000000000000000e-02,1.000000000000000000e+00
2.602500000000000000e+02,-6.250000000000000000e-02,-6.250000000000000000e-02,-4.500000000000000000e+00,-6.250000000000000000e-02,-6.250000000000000000e-02,1.250000000000000000e-01,6.875000000000000000e-01,-6.250000000000000000e-02,3.234375000000000000e+02,-6.250000000000000000e-02,-6.250000000000000000e-02,-9.375000000000000000e-01,1.125000000000000000e+00,3.750000000000000000e-01,-1.250000000000000000e-01,-3.750000000000000000e-01,-1.250000000000000000e-01,1.000000000000000000e+00
2.601875000000000000e+02,-6.250000000000000000e-02,-6.250000000000000000e-02,-3.937500000000000000e+00,7.187500000000000000e+00,-6.250000000000000000e-02,3.750000000000000000e-01,7.500000000000000000e-01,5.000000000000000000e-01,3.234375000000000000e+02,-6.250000000000000000e-02,-6.250000000000000000e-02,-7.500000000000000000e-01,8.125000000000000000e-01,3.125000000000000000e-01,-6.250000000000000000e-02,-2.500000000000000000e-01,2.500000000000000000e-01,1.000000000000000000e+00
2.601875000000000000e+02,-6.250000000000000000e-02,-6.250000000000000000e-02,-2.625000000000000000e+00,6.687500000000000000e+00,-6.250000000000000000e-02,2.500000000000000000e-01,8.750000000000000000e-01,4.375000000000000000e-01,3.234375000000000000e+02,-6.250000000000000000e-02,-6.250000000000000000e-02,-1.250000000000000000e-01,1.562500000000000000e+00,2.500000000000000000e-01,-6.250000000000000000e-02,-2.500000000000000000e-01,2.500000000000000000e-01,1.000000000000000000e+00
2.601250000000000000e+02,-6.250000000000000000e-02,-6.250000000000000000e-02,-2.625000000000000000e+00,6.687500000000000000e+00,-6.250000000000000000e-02,2.500000000000000000e-01,8.750000000000000000e-01,4.375000000000000000e-01,3.234375000000000000e+02,-6.250000000000000000e-02,-6.250000000000000000e-02,1.250000000000000000e-01,1.437500000000000000e+00,2.500000000000000000e-01,-6.250000000000000000e-02,-1.250000000000000000e-01,1.875000000000000000e-01,1.000000000000000000e+00
2.601250000000000000e+02,-6.250000000000000000e-02,-6.250000000000000000e-02,-2.187500000000000000e+00,6.000000000000000000e+00,-6.250000000000000000e-02,0.000000000000000000e+00,6.250000000000000000e-01,5.625000000000000000e-01,3.234375000000000000e+02,-6.250000000000000000e-02,-6.250000000000000000e-02,5.000000000000000000e-01,1.562500000000000000e+00,3.750000000000000000e-01,-6.250000000000000000e-02,-1.875000000000000000e-01,-5.625000000000000000e-01,1.000000000000000000e+00
2.601250000000000000e+02,-6.250000000000000000e-02,-6.250000000000000000e-02,-1.875000000000000000e+00,4.687500000000000000e+00,0.000000000000000000e+00,-1.250000000000000000e-01,5.000000000000000000e-01,1.875000000000000000e-01,3.234375000000000000e+02,-6.250000000000000000e-02,-6.250000000000000000e-02,5.000000000000000000e-01,1.562500000000000000e+00,3.750000000000000000e-01,-4.375000000000000000e-01,-3.125000000000000000e-01,-5.625000000000000000e-01,1.000000000000000000e+00
2.601250000000000000e+02,-6.250000000000000000e-02,-6.250000000000000000e-02,-1.687500000000000000e+00,3.562500000000000000e+00,6.250000000000000000e-02,-2.500000000000000000e-01,1.250000000000000000e-01,-6.250000000000000000e-02,3.234375000000000000e+02,-6.250000000000000000e-02,-6.250000000000000000e-02,3.750000000000000000e-01,2.000000000000000000e+00,2.500000000000000000e-01,-4.375000000000000000e-01,-3.125000000000000000e-01,-5.625000000000000000e-01,1.000000000000000000e+00
2.600625000000000000e+02,-6.250000000000000000e-02,-6.250000000000000000e-02,-1.687500000000000000e+00,3.562500000000000000e+00,6.250000000000000000e-02,-3.750000000000000000e-01,2.500000000000000000e-01,-6.250000000000000000e-02,3.234375000000000000e+02,-6.250000000000000000e-02,-6.250000000000000000e-02,-6.250000000000000000e-02,1.937500000000000000e+00,1.875000000000000000e-01,-3.750000000000000000e-01,-3.125000000000000000e-01,-6.875000000000000000e-01,1.000000000000000000e+00
2.600625000000000000e+02,-6.250000000000000000e-02,-6.250000000000000000e-02,-1.187500000000000000e+00,3.500000000000000000e+00,0.000000000000000000e+00,-5.000000000000000000e-01,5.000000000000000000e-01,-6.250000000000000000e-02,3.234375000000000000e+02,-6.250000000000000000e-02,-6.250000000000000000e-02,-8.750000000000000000e-01,1.562500000000000000e+00,5.625000000000000000e-01,-3.750000000000000000e-01,-3.750000000000000000e-01,-3.125000000000000000e-01,1.000000000000000000e+00
2.600625000000000000e+02,-6.250000000000000000e-02,-6.250000000000000000e-02,-1.250000000000000000e+00,4.937500000000000000e+00,-6.250000000000000000e-02,-5.000000000000000000e-01,5.000000000000000000e-01,-6.250000000000000000e-02,3.234375000000000000e+02,-6.250000000000000000e-02,-6.250000000000000000e-02,-1.000000000000000000e+00,1.625000000000000000e+00,5.000000000000000000e-01,-1.250000000000000000e-01,-5.000000000000000000e-01,1.875000000000000000e-01,1.000000000000000000e+00
2.600625000000000000e+02,-6.250000000000000000e-02,-6.250000000000000000e-02,-1.250000000000000000e+00,6.375000000000000000e+00,-6.250000000000000000e-02,-1.250000000000000000e-01,3.125000000000000000e-01,1.250000000000000000e-01,3.234375000000000000e+02,-6.250000000000000000e-02,-6.250000000000000000e-02,-6.875000000000000000e-01,1.625000000000000000e+00,5.000000000000000000e-01,6.250000000000000000e-02,-6.250000000000000000e-02,-6.250000000000000000e-02,1.000000000000000000e+00
2.600625000000000000e+02,-6.250000000000000000e-02,-6.250000000000000000e-02,-1.312500000000000000e+00,7.187500000000000000e+00,-6.250000000000000000e-02,1.875000000000000000e-01,4.375000000000000000e-01,6.250000000000000000e-02,3.234375000000000000e+02,-6.250000000000000000e-02,-6.250000000000000000e-02,-6.875000000000000000e-01,1.625000000000000000e+00,5.000000000000000000e-01,6.250000000000000000e-02,-6.250000000000000000e-02,-6.250000000000000000e-02,1.000000000000000000e+00
2.600625000000000000e+02,-6.250000000000000000e-02,-6.250000000000000000e-02,-1.312500000000000000e+00,7.187500000000000000e+00,-6.250000000000000000e-02,3.125000000000000000e-01,6.250000000000000000e-01,0.000000000000000000e+00,3.233750000000000000e+02,-6.250000000000000000e-02,-6.250000000000000000e-02,-6.250000000000000000e-01,1.375000000000000000e+00,7.500000000000000000e-01,0.000000000000000000e+00,-6.250000000000000000e-02,-6.250000000000000000e-02,1.000000000000000000e+00
2.600625000000000000e+02,-6.250000000000000000e-02,-6.250000000000000000e-02,-2.312500000000000000e+00,5.500000000000000000e+00,-6.250000000000000000e-02,5.000000000000000000e-01,6.250000000000000000e-01,0.000000000000000000e+00,3.233750000000000000e+02,-6.250000000000000000e-02,-6.250000000000000000e-02,-3.750000000000000000e-01,1.562500000000000000e+00,5.625000000000000000e-01,-6.250000000000000000e-02,-6.250000000000000000e-02,-3.750000000000000000e-01,1.000000000000000000e+00
2.600000000000000000e+02,-6.250000000000000000e-02,-6.250000000000000000e-02,-2.312500000000000000e+00,5.500000000000000000e+00,-6.250000000000000000e-02,-2.500000000000000000e-01,3.125000000000000000e-01,-6.250000000000000000e-02,3.233750000000000000e+02,-6.250000000000000000e-02,-6.250000000000000000e-02,-3.125000000000000000e-01,1.875000000000000000e+00,5.000000000000000000e-01,-6.250000000000000000e-02,-6.250000000000000000e-02,-3.750000000000000000e-01,1.000000000000000000e+00
2.600000000000000000e+02,-6.250000000000000000e-02,-6.250000000000000000e-02,-1.812500000000000000e+00,4.625000000000000000e+00,1.250000000000000000e-01,-2.500000000000000000e-01,3.125000000000000000e-01,-6.250000000000000000e-02,3.233750000000000000e+02,-6.250000000000000000e-02,-6.250000000000000000e-02,-3.750000000000000000e-01,1.875000000000000000e+00,3.750000000000000000e-01,-1.250000000000000000e-01,-1.250000000000000000e-01,-1.875000000000000000e-01,1.000000000000000000e+00
2.600000000000000000e+02,-6.250000000000000000e-02,-6.250000000000000000e-02,-1.437500000000000000e+00,4.875000000000000000e+00,1.875000000000000000e-01,-2.500000000000000000e-01,3.125000000000000000e-01,-6.250000000000000000e-02,3.233750000000000000e+02,-6.250000000000000000e-02,-6.250000000000000000e-02,-3.125000000000000000e-01,2.000000000000000000e+00,3.750000000000000000e-01,6.250000000000000000e-02,-6.250000000000000000e-02,-6.250000000000000000e-02,1.000000000000000000e+00
2.600000000000000000e+02,-6.250000000000000000e-02,-6.250000000000000000e-02,-1.187500000000000000e+00,6.000000000000000000e+00,0.000000000000000000e+00,-3.750000000000000000e-01,3.125000000000000000e-01,-6.250000000000000000e-02,3.233750000000000000e+02,-6.250000000000000000e-02,-6.250000000000000000e-02,-3.125000000000000000e-01,2.000000000000000000e+00,3.750000000000000000e-01,-1.250000000000000000e-01,-3.750000000000000000e-01,-5.000000000000000000e-01,1.000000000000000000e+00
2.600000000000000000e+02,-6.250000000000000000e-02,-6.250000000000000000e-02,-1.187500000000000000e+00,6.000000000000000000e+00,0.000000000000000000e+00,-1.875000000000000000e-01,3.125000000000000000e-01,-6.250000000000000000e-02,3.233750000000000000e+02,-6.250000000000000000e-02,-6.250000000000000000e-02,-1.875000000000000000e-01,1.687500000000000000e+00,3.125000000000000000e-01,-1.250000000000000000e-01,-3.750000000000000000e-01,-5.000000000000000000e-01,1.000000000000000000e+00
2.600000000000000000e+02,-6.250000000000000000e-02,-6.250000000000000000e-02,-1.000000000000000000e+00,6.125000000000000000e+00,-6.250000000000000000e-02,-2.500000000000000000e-01,1.875000000000000000e-01,-6.250000000000000000e-02,3.233750000000000000e+02,-6.250000000000000000e-02,-6.250000000000000000e-02,1.250000000000000000e-01,1.812500000000000000e+00,5.625000000000000000e-01,-1.875000000000000000e-01,-4.375000000000000000e-01,-6.250000000000000000e-01,1.000000000000000000e+00
2.600000000000000000e+02,-6.250000000000000000e-02,-6.250000000000000000e-02,-7.500000000000000000e-01,5.750000000000000000e+00,-6.250000000000000000e-02,-2.500000000000000000e-01,3.125000000000000000e-01,-6.250000000000000000e-02,3.233750000000000000e+02,-6.250000000000000000e-02,-6.250000000000000000e-02,3.125000000000000000e-01,1.875000000000000000e+00,5.625000000000000000e-01,-3.750000000000000000e-01,-3.125000000000000000e-01,-5.000000000000000000e-01,1.000000000000000000e+00
2.600000000000000000e+02,-6.250000000000000000e-02,-6.250000000000000000e-02,-8.750000000000000000e-01,5.562500000000000000e+00,-6.250000000000000000e-02,-2.500000000000000000e-01,3.125000000000000000e-01,-6.250000000000000000e-02,3.234375000000000000e+02,-6.250000000000000000e-02,-6.250000000000000000e-02,2.500000000000000000e-01,1.812500000000000000e+00,5.000000000000000000e-01,0.000000000000000000e+00,-6.250000000000000000e-02,-6.250000000000000000e-02,1.000000000000000000e+00
2.599375000000000000e+02,-6.250000000000000000e-02,-6.250000000000000000e-02,-8.125000000000000000e-01,5.625000000000000000e+00,-6.250000000000000000e-02,-1.250000000000000000e-01,4.375000000000000000e-01,0.000000000000000000e+00,3.234375000000000000e+02,-6.250000000000000000e-02,-6.250000000000000000e-02,-6.250000000000000000e-02,2.000000000000000000e+00,5.000000000000000000e-01,0.000000000000000000e+00,-6.250000000000000000e-02,-6.250000000000000000e-02,1.000000000000000000e+00
2.599375000000000000e+02,-6.250000000000000000e-02,-6.250000000000000000e-02,-7.500000000000000000e-01,5.312500000000000000e+00,6.250000000000000000e-02,-1.875000000000000000e-01,2.500000000000000000e-01,-6.250000000000000000e-02,3.234375000000000000e+02,-6.250000000000000000e-02,-6.250000000000000000e-02,-6.250000000000000000e-02,2.000000000000000000e+00,5.000000000000000000e-01,-1.875000000000000000e-01,-3.750000000000000000e-01,-3.750000000000000000e-01,1.000000000000000000e+00
2.599375000000000000e+02,-6.250000000000000000e-02,-6.250000000000000000e-02,-8.125000000000000000e-01,5.250000000000000000e+00,3.750000000000000000e-01,-1.250000000000000000e-01,3.750000000000000000e-01,-6.250000000000000000e-02,3.234375000000000000e+02,-6.250000000000000000e-02,-6.250000000000000000e-02,-5.000000000000000000e-01,1.562500000000000000e+00,3.125000000000000000e-01,0.000000000000000000e+00,-6.250000000000000000e-02,-6.250000000000000000e-02,1.000000000000000000e+00
2.599375000000000000e+02,-6.250000000000000000e-02,-6.250000000000000000e-02,-8.125000000000000000e-01,5.250000000000000000e+00,3.750000000000000000e-01,0.000000000000000000e+00,5.000000000000000000e-01,-6.250000000000000000e-02,3.233750000000000000e+02,-6.250000000000000000e-02,-6.250000000000000000e-02,-7.500000000000000000e-01,1.625000000000000000e+00,2.500000000000000000e-01,0.000000000000000000e+00,-6.250000000000000000e-02,-6.250000000000000000e-02,1.000000000000000000e+00
2.599375000000000000e+02,-6.250000000000000000e-02,-6.250000000000000000e-02,-1.062500000000000000e+00,5.437500000000000000e+00,3.750000000000000000e-01,-6.250000000000000000e-02,-6.250000000000000000e-02,0.000000000000000000e+00,3.233750000000000000e+02,-6.250000000000000000e-02,-6.250000000000000000e-02,-6.250000000000000000e-01,1.062500000000000000e+00,3.750000000000000000e-01,-2.500000000000000000e-01,-3.125000000000000000e-01,-2.500000000000000000e-01,1.000000000000000000e+00
2.599375000000000000e+02,-6.250000000000000000e-02,-6.250000000000000000e-02,-9.375000000000000000e-01,4.937500000000000000e+00,5.000000000000000000e-01,-6.250000000000000000e-02,-6.250000000000000000e-02,0.000000000000000000e+00,3.233750000000000000e+02,-6.250000000000000000e-02,-6.250000000000000000e-02,-2.500000000000000000e-01,1.250000000000000000e+00,6.250000000000000000e-01,-2.500000000000000000e-01,-3.125000000000000000e-01,-2.500000000000000000e-01,1.000000000000000000e+00
2.599375000000000000e+02,-6.250000000000000000e-02,-6.250000000000000000e-02,-9.375000000000000000e-01,4.812500000000000000e+00,5.000000000000000000e-01,-6.250000000000000000e-02,0.000000000000000000e+00,1.250000000000000000e-01,3.233750000000000000e+02,-6.250000000000000000e-02,-6.250000000000000000e-02,-3.125000000000000000e-01,1.437500000000000000e+00,6.875000000000000000e-01,0.000000000000000000e+00,-6.250000000000000000e-02,-6.250000000000000000e-02,1.000000000000000000e+00
2.599375000000000000e+02,-6.250000000000000000e-02,-6.250000000000000000e-02,-9.375000000000000000e-01,5.000000000000000000e+00,3.750000000000000000e-01,-1.250000000000000000e-01,1.250000000000000000e-01,6.250000000000000000e-02,3.233750000000000000e+02,-6.250000000000000000e-02,-6.250000000000000000e-02,-3.750000000000000000e-01,1.562500000000000000e+00,7.500000000000000000e-01,-1.250000000000000000e-01,-5.000000000000000000e-01,-4.375000000000000000e-01,1.000000000000000000e+00
2.599375000000000000e+02,-6.250000000000000000e-02,-6.250000000000000000e-02,-1.000000000000000000e+00,5.062500000000000000e+00,1.875000000000000000e-01,-1.875000000000000000e-01,6.250000000000000000e-02,-6.250000000000000000e-02,3.233750000000000000e+02,-6.250000000000000000e-02,-6.250000000000000000e-02,-3.750000000000000000e-01,1.562500000000000000e+00,7.500000000000000000e-01,-1.250000000000000000e-01,-3.750000000000000000e-01,-1.875000000000000000e-01,1.000000000000000000e+00
2.599375000000000000e+02,-6.250000000000000000e-02,-6.250000000000000000e-02,-1.000000000000000000e+00,5.062500000000000000e+00,1.875000000000000000e-01,-2.500000000000000000e-01,3.750000000000000000e-01,1.875000000000000000e-01,3.233750000000000000e+02,-6.250000000000000000e-02,-6.250000000000000000e-02,-5.625000000000000000e-01,1.375000000000000000e+00,6.875000000000000000e-01,-2.500000000000000000e-01,-4.375000000000000000e-01,6.250000000000000000e-02,1.000000000000000000e+00
2.599375000000000000e+02,-6.250000000000000000e-02,-6.250000000000000000e-02,-5.000000000000000000e-01,5.437500000000000000e+00,0.000000000000000000e+00,0.000000000000000000e+00,6.250000000000000000e-01,3.750000000000000000e-01,3.233750000000000000e+02,-6.250000000000000000e-02,-6.250000000000000000e-02,-1.875000000000000000e-01,1.125000000000000000e+00,6.250000000000000000e-01,-2.500000000000000000e-01,-4.375000000000000000e-01,6.250000000000000000e-02,1.000000000000000000e+00
2.599375000000000000e+02,-6.250000000000000000e-02,-6.250000000000000000e-02,-5.000000000000000000e-01,5.687500000000000000e+00,6.250000000000000000e-02,0.000000000000000000e+00,3.750000000000000000e-01,2.500000000000000000e-01,3.233750000000000000e+02,-6.250000000000000000e-02,-6.250000000000000000e-02,-6.250000000000000000e-02,1.375000000000000000e+00,6.250000000000000000e-01,-2.500000000000000000e-01,-3.125000000000000000e-01,-1.250000000000000000e-01,1.000000000000000000e+00
2.599375000000000000e+02,-6.250000000000000000e-02,-6.250000000000000000e-02,-6.875000000000000000e-01,5.500000000000000000e+00,2.500000000000000000e-01,0.000000000000000000e+00,3.750000000000000000e-01,2.500000000000000000e-01,3.233750000000000000e+02,-6.250000000000000000e-02,-6.250000000000000000e-02,-1.875000000000000000e-01,1.437500000000000000e+00,5.625000000000000000e-01,-3.125000000000000000e-01,-5.000000000000000000e-01,-6.250000000000000000e-02,1.000000000000000000e+00
2.599375000000000000e+02,-6.250000000000000000e-02,-6.250000000000000000e-02,-8.750000000000000000e-01,5.125000000000000000e+00,4.375000000000000000e-01,-1.250000000000000000e-01,3.750000000000000000e-01,-6.250000000000000000e-02,3.233750000000000000e+02,-6.250000000000000000e-02,-6.250000000000000000e-02,-4.375000000000000000e-01,1.562500000000000000e+00,4.375000000000000000e-01,-1.875000000000000000e-01,-4.375000000000000000e-01,0.000000000000000000e+00,1.000000000000000000e+00
2.599375000000000000e+02,-6.250000000000000000e-02,-6.250000000000000000e-02,-1.125000000000000000e+00,5.187500000000000000e+00,5.000000000000000000e-01,-2.500000000000000000e-01,4.375000000000000000e-01,0.000000000000000000e+00,3.233750000000000000e+02,-6.250000000000000000e-02,-6.250000000000000000e-02,-4.375000000000000000e-01,1.562500000000000000e+00,4.375000000000000000e-01,-1.250000000000000000e-01,-3.125000000000000000e-01,6.250000000000000000e-02,1.000000000000000000e+00
2.599375000000000000e+02,-6.250000000000000000e-02,-6.250000000000000000e-02,-1.125000000000000000e+00,5.187500000000000000e+00,5.000000000000000000e-01,-1.875000000000000000e-01,4.375000000000000000e-01,2.500000000000000000e-01,3.233750000000000000e+02,-6.250000000000000000e-02,-6.250000000000000000e-02,-4.375000000000000000e-01,1.875000000000000000e+00,4.375000000000000000e-01,-2.500000000000000000e-01,-5.000000000000000000e-01,-2.500000000000000000e-01,1.000000000000000000e+00
2.598750000000000000e+02,-6.250000000000000000e-02,-6.250000000000000000e-02,-1.000000000000000000e+00,5.187500000000000000e+00,5.625000000000000000e-01,0.000000000000000000e+00,3.750000000000000000e-01,2.500000000000000000e-01,3.233750000000000000e+02,-6.250000000000000000e-02,-6.250000000000000000e-02,-1.875000000000000000e-01,2.187500000000000000e+00,3.125000000000000000e-01,-2.500000000000000000e-01,-5.000000000000000000e-01,-2.500000000000000000e-01,1.000000000000000000e+00
2.598750000000000000e+02,-6.250000000000000000e-02,-6.250000000000000000e-02,-6.875000000000000000e-01,5.062500000000000000e+00,5.625000000000000000e-01,0.000000000000000000e+00,3.750000000000000000e-01,2.500000000000000000e-01,3.233750000000000000e+02,-6.250000000000000000e-02,-6.250000000000000000e-02,-1.875000000000000000e-01,2.062500000000000000e+00,4.375000000000000000e-01,-1.250000000000000000e-01,-4.375000000000000000e-01,-1.250000000000000000e-01,1.000000000000000000e+00
2.598750000000000000e+02,-6.250000000000000000e-02,-6.250000000000000000e-02,-5.625000000000000000e-01,4.187500000000000000e+00,5.625000000000000000e-01,-6.250000000000000000e-02,7.500000000000000000e-01,0.000000000000000000e+00,3.233750000000000000e+02,-6.250000000000000000e-02,-6.250000000000000000e-02,-1.875000000000000000e-01,2.062500000000000000e+00,4.375000000000000000e-01,-6.250000000000000000e-02,-5.000000000000000000e-01,-1.875000000000000000e-01,1.000000000000000000e+00
2.598750000000000000e+02,-6.250000000000000000e-02,-6.250000000000000000e-02,-5.625000000000000000e-01,4.187500000000000000e+00,5.625000000000000000e-01,-1.250000000000000000e-01,1.250000000000000000e-01,-6.250000000000000000e-02,3.233750000000000000e+02,-6.250000000000000000e-02,-6.250000000000000000e-02,6.250000000000000000e-02,2.000000000000000000e+00,5.625000000000000000e-01,-6.250000000000000000e-02,-5.000000000000000000e-01,-1.875000000000000000e-01,1.000000000000000000e+00
2.598750000000000000e+02,-6.250000000000000000e-02,-6.250000000000000000e-02,-5.000000000000000000e-01,3.125000000000000000e+00,6.250000000000000000e-01,-3.125000000000000000e-01,-2.500000000000000000e-01,-3.125000000000000000e-01,3.233750000000000000e+02,-6.250000000000000000e-02,-6.250000000000000000e-02,0.000000000000000000e+00,1.750000000000000000e+00,4.375000000000000000e-01,6.250000000000000000e-02,-6.250000000000000000e-02,-6.250000000000000000e-02,1.000000000000000000e+00
2.598750000000000000e+02,-6.250000000000000000e-02,-6.250000000000000000e-02,-5.000000000000000000e-01,3.125000000000000000e+00,6.250000000000000000e-01,-2.500000000000000000e-01,-2.500000000000000000e-01,3.750000000000000000e-01,3.233750000000000000e+02,-6.250000000000000000e-02,-6.250000000000000000e-02,-1.250000000000000000e-01,1.750000000000000000e+00,1.875000000000000000e-01,6.250000000000000000e-02,-6.250000000000000000e-02,-6.250000000000000000e-02,1.000000000000000000e+00
2.598750000000000000e+02,-6.250000000000000000e-02,-6.250000000000000000e-02,-1.062500000000000000e+00,4.562500000000000000e+00,2.500000000000000000e-01,-1.250000000000000000e-01,-2.500000000000000000e-01,5.625000000000000000e-01,3.233750000000000000e+02,-6.250000000000000000e-02,-6.250000000000000000e-02,-3.750000000000000000e-01,1.500000000000000000e+00,1.250000000000000000e-01,-1.250000000000000000e-01,-6.875000000000000000e-01,-1.875000000000000000e-01,1.000000000000000000e+00
2.598750000000000000e+02,-6.250000000000000000e-02,-6.250000000000000000e-02,-1.375000000000000000e+00,5.625000000000000000e+00,1.875000000000000000e-01,-1.250000000000000000e-01,-2.500000000000000000e-01,5.625000000000000000e-01,3.233750000000000000e+02,-6.250000000000000000e-02,-6.250000000000000000e-02,0.000000000000000000e+00,1.875000000000000000e+00,1.250000000000000000e-01,-1.875000000000000000e-01,-6.250000000000000000e-01,0.000000000000000000e+00,1.000000000000000000e+00
2.598750000000000000e+02,-6.250000000000000000e-02,-6.250000000000000000e-02,-7.500000000000000000e-01,6.812500000000000000e+00,1.875000000000000000e-01,-6.250000000000000000e-02,0.000000000000000000e+00,6.250000000000000000e-01,3.233750000000000000e+02,-6.250000000000000000e-02,-6.250000000000000000e-02,3.125000000000000000e-01,2.437500000000000000e+00,6.250000000000000000e-02,-2.500000000000000000e-01,-6.875000000000000000e-01,6.250000000000000000e-02,1.000000000000000000e+00
2.598750000000000000e+02,-6.250000000000000000e-02,-6.250000000000000000e-02,-6.250000000000000000e-02,6.625000000000000000e+00,2.500000000000000000e-01,1.875000000000000000e-01,6.250000000000000000e-02,6.875000000000000000e-01,3.233750000000000000e+02,-6.250000000000000000e-02,-6.250000000000000000e-02,3.125000000000000000e-01,2.437500000000000000e+00,6.250000000000000000e-02,-1.875000000000000000e-01,-7.500000000000000000e-01,6.250000000000000000e-02,1.000000000000000000e+00
2.598750000000000000e+02,-6.250000000000000000e-02,-6.250000000000000000e-02,-6.250000000000000000e-02,6.625000000000000000e+00,2.500000000000000000e-01,6.250000000000000000e-02,2.500000000000000000e-01,0.000000000000000000e+00,3.233750000000000000e+02,-6.250000000000000000e-02,-6.250000000000000000e-02,1.250000000000000000e-01,2.625000000000000000e+00,1.250000000000000000e-01,-2.500000000000000000e-01,-6.250000000000000000e-01,-6.250000000000000000e-02,1.000000000000000000e+00
2.598750000000000000e+02,-6.250000000000000000e-02,-6.250000000000000000e-02,0.000000000000000000e+00,4.687500000000000000e+00,1.250000000000000000e-01,-6.250000000000000000e-02,3.125000000000000000e-01,-6.250000000000000000e-02,3.233750000000000000e+02,-6.250000000000000000e-02,-6.250000000000000000e-02,-3.750000000000000000e-01,2.750000000000000000e+00,0.000000000000000000e+00,-2.500000000000000000e-01,-6.250000000000000000e-01,-6.250000000000000000e-02,1.000000000000000000e+00
2.598750000000000000e+02,-6.250000000000000000e-02,-6.250000000000000000e-02,-8.125000000000000000e-01,2.437500000000000000e+00,6.250000000000000000e-02,-4.375000000000000000e-01,4.375000000000000000e-01,-6.250000000000000000e-02,3.233750000000000000e+02,-6.250000000000000000e-02,-6.250000000000000000e-02,-6.875000000000000000e-01,2.687500000000000000e+00,6.250000000000000000e-02,-2.500000000000000000e-01,-6.250000000000000000e-01,-5.000000000000000000e-01,1.000000000000000000e+00
2.598750000000000000e+02,-6.250000000000000000e-02,-6.250000000000000000e-02,-1.250000000000000000e+00,1.375000000000000000e+00,0.000000000000000000e+00,-4.375000000000000000e-01,4.375000000000000000e-01,-6.250000000000000000e-02,3.233750000000000000e+02,-6.250000000000000000e-02,-6.250000000000000000e-02,-8.750000000000000000e-01,2.437500000000000000e+00,1.250000000000000000e-01,-6.875000000000000000e-01,-5.625000000000000000e-01,-2.500000000000000000e-01,1.000000000000000000e+00
2.598750000000000000e+02,-6.250000000000000000e-02,-6.250000000000000000e-02,-1.437500000000000000e+00,1.625000000000000000e+00,1.875000000000000000e-01,-9.375000000000000000e-01,5.625000000000000000e-01,6.250000000000000000e-02,3.233750000000000000e+02,-6.250000000000000000e-02,-6.250000000000000000e-02,-6.250000000000000000e-01,2.437500000000000000e+00,6.250000000000000000e-02,-5.625000000000000000e-01,-3.750000000000000000e-01,1.250000000000000000e-01,1.000000000000000000e+00
2.598750000000000000e+02,-6.250000000000000000e-02,-6.250000000000000000e-02,-1.437500000000000000e+00,1.625000000000000000e+00,1.875000000000000000e-01,-9.375000000000000000e-01,5.625000000000000000e-01,6.250000000000000000e-02,3.233750000000000000e+02,-6.250000000000000000e-02,-6.250000000000000000e-02,-6.250000000000000000e-01,2.437500000000000000e+00,6.250000000000000000e-02,-3.750000000000000000e-01,-5.625000000000000000e-01,3.750000000000000000e-01,1.000000000000000000e+00
2.598125000000000000e+02,-6.250000000000000000e-02,-6.250000000000000000e-02,-1.125000000000000000e+00,3.375000000000000000e+00,3.750000000000000000e-01,-3.750000000000000000e-01,4.375000000000000000e-01,8.750000000000000000e-01,3.233750000000000000e+02,-6.250000000000000000e-02,-6.250000000000000000e-02,1.250000000000000000e-01,2.125000000000000000e+00,0.000000000000000000e+00,1.875000000000000000e-01,-6.250000000000000000e-02,-6.250000000000000000e-02,1.000000000000000000e+00
2.598125000000000000e+02,-6.250000000000000000e-02,-6.250000000000000000e-02,-2.500000000000000000e-01,5.937500000000000000e+00,3.750000000000000000e-01,0.000000000000000000e+00,5.625000000000000000e-01,8.750000000000000000e-01,3.233750000000000000e+02,-6.250000000000000000e-02,-6.250000000000000000e-02,6.250000000000000000e-01,1.687500000000000000e+00,1.875000000000000000e-01,1.875000000000000000e-01,-6.250000000000000000e-02,-6.250000000000000000e-02,1.000000000000000000e+00
2.598125000000000000e+02,-6.250000000000000000e-02,-6.250000000000000000e-02,3.750000000000000000e-01,7.187500000000000000e+00,5.625000000000000000e-01,3.125000000000000000e-01,3.750000000000000000e-01,7.500000000000000000e-01,3.233750000000000000e+02,-6.250000000000000000e-02,-6.250000000000000000e-02,6.250000000000000000e-01,1.937500000000000000e+00,0.000000000000000000e+00,0.000000000000000000e+00,-6.250000000000000000e-02,-6.250000000000000000e-02,1.000000000000000000e+00
2.598125000000000000e+02,-6.250000000000000000e-02,-6.250000000000000000e-02,3.750000000000000000e-01,5.875000000000000000e+00,3.750000000000000000e-01,3.125000000000000000e-01,3.750000000000000000e-01,7.500000000000000000e-01,3.233750000000000000e+02,-6.250000000000000000e-02,-6.250000000000000000e-02,5.000000000000000000e-01,2.250000000000000000e+00,-6.250000000000000000e-02,0.000000000000000000e+00,-6.250000000000000000e-02,-6.250000000000000000e-02,1.000000000000000000e+00
2.598125000000000000e+02,-6.250000000000000000e-02,-6.250000000000000000e-02,4.375000000000000000e-01,5.000000000000000000e+00,2.500000000000000000e-01,6.250000000000000000e-02,1.250000000000000000e-01,5.000000000000000000e-01,3.233750000000000000e+02,-6.250000000000000000e-02,-6.250000000000000000e-02,3.750000000000000000e-01,2.750000000000000000e+00,-6.250000000000000000e-02,-6.250000000000000000e-02,-3.750000000000000000e-01,-3.125000000000000000e-01,1.000000000000000000e+00
2.598125000000000000e+02,-6.250000000000000000e-02,-6.250000000000000000e-02,4.375000000000000000e-01,5.000000000000000000e+00,2.500000000000000000e-01,6.250000000000000000e-02,1.250000000000000000e-01,5.000000000000000000e-01,3.233750000000000000e+02,-6.250000000000000000e-02,-6.250000000000000000e-02,3.750000000000000000e-01,2.750000000000000000e+00,-6.250000000000000000e-02,-6.250000000000000000e-02,-3.750000000000000000e-01,-3.125000000000000000e-01,1.000000000000000000e+00
2.598125000000000000e+02,-6.250000000000000000e-02,-6.250000000000000000e-02,1.875000000000000000e-01,5.125000000000000000e+00,1.250000000000000000e-01,-3.125000000000000000e-01,0.000000000000000000e+00,3.125000000000000000e-01,3.233750000000000000e+02,-6.250000000000000000e-02,-6.250000000000000000e-02,1.875000000000000000e-01,3.000000000000000000e+00,-6.250000000000000000e-02,-4.375000000000000000e-01,-7.500000000000000000e-01,-3.750000000000000000e-01,1.000000000000000000e+00
2.598125000000000000e+02,-6.250000000000000000e-02,-6.250000000000000000e-02,3.125000000000000000e-01,5.187500000000000000e+00,-6.250000000000000000e-02,-3.750000000000000000e-01,-3.750000000000000000e-01,-6.250000000000000000e-02,3.234375000000000000e+02,-6.250000000000000000e-02,-6.250000000000000000e-02,6.250000000000000000e-01,3.000000000000000000e+00,-6.250000000000000000e-02,-3.750000000000000000e-01,-7.500000000000000000e-01,0.000000000000000000e+00,1.000000000000000000e+00
2.598750000000000000e+02,-6.250000000000000000e-02,-6.250000000000000000e-02,1.000000000000000000e+00,5.000000000000000000e+00,-6.250000000000000000e-02,-3.125000000000000000e-01,-1.250000000000000000e-01,4.375000000000000000e-01,3.234375000000000000e+02,-6.250000000000000000e-02,-6.250000000000000000e-02,9.375000000000000000e-01,3.312500000000000000e+00,-6.250000000000000000e-02,-3.750000000000000000e-01,-7.500000000000000000e-01,0.000000000000000000e+00,1.000000000000000000e+00
2.598750000000000000e+02,-6.250000000000000000e-02,-6.250000000000000000e-02,1.937500000000000000e+00,5.437500000000000000e+00,-6.250000000000000000e-02,-3.125000000000000000e-01,-1.250000000000000000e-01,4.375000000000000000e-01,3.234375000000000000e+02,-6.250000000000000000e-02,-6.250000000000000000e-02,1.437500000000000000e+00,3.687500000000000000e+00,1.250000000000000000e-01,-6.875000000000000000e-01,-8.125000000000000000e-01,-8.750000000000000000e-01,1.000000000000000000e+00
2.599375000000000000e+02,-6.250000000000000000e-02,-6.250000000000000000e-02,2.625000000000000000e+00,5.937500000000000000e+00,-6.250000000000000000e-02,-3.750000000000000000e-01,1.250000000000000000e-01,7.500000000000000000e-01,3.234375000000000000e+02,-6.250000000000000000e-02,-6.250000000000000000e-02,1.750000000000000000e+00,4.687500000000000000e+00,1.250000000000000000e-01,-5.625000000000000000e-01,-9.375000000000000000e-01,-6.875000000000000000e-01,1.000000000000000000e+00
2.599375000000000000e+02,-6.250000000000000000e-02,-6.250000000000000000e-02,2.812500000000000000e+00,6.125000000000000000e+00,-6.250000000000000000e-02,-7.500000000000000000e-01,5.625000000000000000e-01,5.625000000000000000e-01,3.234375000000000000e+02,-6.250000000000000000e-02,-6.250000000000000000e-02,1.750000000000000000e+00,4.687500000000000000e+00,1.250000000000000000e-01,-1.062500000000000000e+00,-6.250000000000000000e-01,-1.062500000000000000e+00,1.000000000000000000e+00
2.599375000000000000e+02,-6.250000000000000000e-02,-6.250000000000000000e-02,2.812500000000000000e+00,6.125000000000000000e+00,-6.250000000000000000e-02,-7.500000000000000000e-01,5.625000000000000000e-01,5.625000000000000000e-01,3.235000000000000000e+02,-6.250000000000000000e-02,-6.250000000000000000e-02,1.687500000000000000e+00,4.687500000000000000e+00,2.500000000000000000e-01,-1.062500000000000000e+00,-6.250000000000000000e-01,-1.062500000000000000e+00,1.000000000000000000e+00
2.599375000000000000e+02,-6.250000000000000000e-02,-6.250000000000000000e-02,2.750000000000000000e+00,5.187500000000000000e+00,-6.250000000000000000e-02,-9.375000000000000000e-01,7.500000000000000000e-01,1.875000000000000000e-01,3.235000000000000000e+02,-6.250000000000000000e-02,-6.250000000000000000e-02,1.812500000000000000e+00,5.500000000000000000e+00,-6.250000000000000000e-02,-1.000000000000000000e+00,-5.625000000000000000e-01,-1.000000000000000000e+00,1.000000000000000000e+00
2.600000000000000000e+02,-6.250000000000000000e-02,-6.250000000000000000e-02,2.875000000000000000e+00,4.937500000000000000e+00,6.250000000000000000e-02,-1.812500000000000000e+00,8.125000000000000000e-01,1.250000000000000000e-01,3.235625000000000000e+02,-6.250000000000000000e-02,-6.250000000000000000e-02,2.187500000000000000e+00,6.125000000000000000e+00,-6.250000000000000000e-02,-1.562500000000000000e+00,-3.750000000000000000e-01,-1.500000000000000000e+00,1.000000000000000000e+00
2.600000000000000000e+02,-6.250000000000000000e-02,-6.250000000000000000e-02,3.000000000000000000e+00,6.687500000000000000e+00,-6.250000000000000000e-02,-1.812500000000000000e+00,8.125000000000000000e-01,1.250000000000000000e-01,3.235625000000000000e+02,-6.250000000000000000e-02,-6.250000000000000000e-02,2.500000000000000000e+00,7.062500000000000000e+00,-6.250000000000000000e-02,-1.625000000000000000e+00,-5.625000000000000000e-01,-1.250000000000000000e+00,1.000000000000000000e+00
2.600625000000000000e+02,-6.250000000000000000e-02,-6.250000000000000000e-02,3.687500000000000000e+00,-6.250000000000000000e-02,-6.250000000000000000e-02,-1.687500000000000000e+00,4.375000000000000000e-01,5.000000000000000000e-01,3.235625000000000000e+02,-6.250000000000000000e-02,-6.250000000000000000e-02,2.500000000000000000e+00,7.062500000000000000e+00,-6.250000000000000000e-02,-1.750000000000000000e+00,-3.750000000000000000e-01,-1.312500000000000000e+00,1.000000000000000000e+00
2.600625000000000000e+02,-6.250000000000000000e-02,-6.250000000000000000e-02,3.687500000000000000e+00,-6.250000000000000000e-02,-6.250000000000000000e-02,-1.687500000000000000e+00,4.375000000000000000e-01,5.000000000000000000e-01,3.236250000000000000e+02,-6.250000000000000000e-02,-6.250000000000000000e-02,2.625000000000000000e+00,-6.250000000000000000e-02,-6.250000000000000000e-02,-1.750000000000000000e+00,-3.750000000000000000e-01,-1.312500000000000000e+00,1.000000000000000000e+00
2.601250000000000000e+02,-6.250000000000000000e-02,-6.250000000000000000e-02,4.687500000000000000e+00,6.187500000000000000e+00,-6.250000000000000000e-02,-2.187500000000000000e+00,6.250000000000000000e-01,6.250000000000000000e-01,3.236250000000000000e+02,-6.250000000000000000e-02,-6.250000000000000000e-02,2.562500000000000000e+00,-6.250000000000000000e-02,-6.250000000000000000e-02,-1.875000000000000000e+00,-8.750000000000000000e-01,-1.875000000000000000e+00,1.000000000000000000e+00
2.601250000000000000e+02,-6.250000000000000000e-02,-6.250000000000000000e-02,4.000000000000000000e+00,7.312500000000000000e+00,-6.250000000000000000e-02,-2.250000000000000000e+00,5.000000000000000000e-01,4.375000000000000000e-01,3.236875000000000000e+02,-6.250000000000000000e-02,-6.250000000000000000e-02,2.625000000000000000e+00,-6.250000000000000000e-02,-6.250000000000000000e-02,-2.250000000000000000e+00,-8.750000000000000000e-01,-2.062500000000000000e+00,1.000000000000000000e+00
2.601875000000000000e+02,-6.250000000000000000e-02,-6.250000000000000000e-02,3.625000000000000000e+00,-6.250000000000000000e-02,-6.250000000000000000e-02,-1.937500000000000000e+00,1.250000000000000000e-01,-6.250000000000000000e-02,3.237500000000000000e+02,-6.250000000000000000e-02,-6.250000000000000000e-02,2.750000000000000000e+00,-6.250000000000000000e-02,-6.250000000000000000e-02,-2.125000000000000000e+00,-1.125000000000000000e+00,-1.812500000000000000e+00,1.000000000000000000e+00
2.602500000000000000e+02,-6.250000000000000000e-02,-6.250000000000000000e-02,3.500000000000000000e+00,-6.250000000000000000e-02,-6.250000000000000000e-02,-2.125000000000000000e+00,2.500000000000000000e-01,1.875000000000000000e-01,3.238125000000000000e+02,-6.250000000000000000e-02,-6.250000000000000000e-02,2.875000000000000000e+00,-6.250000000000000000e-02,-6.250000000000000000e-02,-2.562500000000000000e+00,-1.312500000000000000e+00,-2.000000000000000000e+00,1.000000000000000000e+00
2.603125000000000000e+02,-6.250000000000000000e-02,-6.250000000000000000e-02,3.625000000000000000e+00,-6.250000000000000000e-02,-6.250000000000000000e-02,-2.250000000000000000e+00,2.500000000000000000e-01,6.875000000000000000e-01,3.238750000000000000e+02,-6.250000000000000000e-02,-6.250000000000000000e-02,3.125000000000000000e+00,-6.250000000000000000e-02,-6.250000000000000000e-02,-2.312500000000000000e+00,-1.125000000000000000e+00,-1.312500000000000000e+00,1.000000000000000000e+00
2.603750000000000000e+02,-6.250000000000000000e-02,-6.250000000000000000e-02,4.937500000000000000e+00,-6.250000000000000000e-02,-6.250000000000000000e-02,-1.875000000000000000e+00,1.875000000000000000e-01,8.125000000000000000e-01,3.238750000000000000e+02,-6.250000000000000000e-02,-6.250000000000000000e-02,2.750000000000000000e+00,1.600000000000000000e+01,-6.250000000000000000e-02,-2.375000000000000000e+00,-1.000000000000000000e+00,-1.000000000000000000e+00,1.000000000000000000e+00
2.603750000000000000e+02,-6.250000000000000000e-02,-6.250000000000000000e-02,6.375000000000000000e+00,1.687500000000000000e+01,-6.250000000000000000e-02,-1.875000000000000000e+00,6.250000000000000000e-02,1.312500000000000000e+00,3.239375000000000000e+02,-6.250000000000000000e-02,-6.250000000000000000e-02,2.750000000000000000e+00,1.600000000000000000e+01,-6.250000000000000000e-02,-2.562500000000000000e+00,-6.250000000000000000e-01,-3.750000000000000000e-01,1.000000000000000000e+00
2.604375000000000000e+02,-6.250000000000000000e-02,-6.250000000000000000e-02,6.375000000000000000e+00,1.687500000000000000e+01,-6.250000000000000000e-02,-1.937500000000000000e+00,3.125000000000000000e-01,1.750000000000000000e+00,3.240000000000000000e+02,-6.250000000000000000e-02,-6.250000000000000000e-02,2.062500000000000000e+00,1.793750000000000000e+01,-6.250000000000000000e-02,-3.125000000000000000e+00,-1.875000000000000000e-01,-7.500000000000000000e-01,1.000000000000000000e+00
2.605625000000000000e+02,-6.250000000000000000e-02,-6.250000000000000000e-02,6.125000000000000000e+00,1.750000000000000000e+01,-6.250000000000000000e-02,-1.562500000000000000e+00,5.000000000000000000e-01,1.937500000000000000e+00,3.240625000000000000e+02,-6.250000000000000000e-02,-6.250000000000000000e-02,2.750000000000000000e+00,2.037500000000000000e+01,-6.250000000000000000e-02,-3.125000000000000000e+00,-1.875000000000000000e-01,-7.500000000000000000e-01,1.000000000000000000e+00
2.606250000000000000e+02,-6.250000000000000000e-02,-6.250000000000000000e-02,6.125000000000000000e+00,1.900000000000000000e+01,-6.250000000000000000e-02,-1.562500000000000000e+00,5.000000000000000000e-01,1.937500000000000000e+00,3.241250000000000000e+02,-6.250000000000000000e-02,-6.250000000000000000e-02,4.875000000000000000e+00,2.356250000000000000e+01,-6.250000000000000000e-02,-3.562500000000000000e+00,-5.625000000000000000e-01,-1.125000000000000000e+00,1.000000000000000000e+00
2.607500000000000000e+02,-6.250000000000000000e-02,-6.250000000000000000e-02,6.437500000000000000e+00,2.112500000000000000e+01,-6.250000000000000000e-02,-2.000000000000000000e+00,1.250000000000000000e-01,1.062500000000000000e+00,3.242500000000000000e+02,-6.250000000000000000e-02,-6.250000000000000000e-02,7.750000000000000000e+00,-6.250000000000000000e-02,-6.250000000000000000e-02,-3.312500000000000000e+00,-7.500000000000000000e-01,-2.125000000000000000e+00,1.000000000000000000e+00
2.607500000000000000e+02,-6.250000000000000000e-02,-6.250000000000000000e-02,6.437500000000000000e+00,2.112500000000000000e+01,-6.250000000000000000e-02,-2.812500000000000000e+00,6.250000000000000000e-02,4.375000000000000000e-01,3.242500000000000000e+02,-6.250000000000000000e-02,-6.250000000000000000e-02,7.750000000000000000e+00,-6.250000000000000000e-02,-6.250000000000000000e-02,-2.937500000000000000e+00,-1.062500000000000000e+00,-2.812500000000000000e+00,1.000000000000000000e+00
2.608750000000000000e+02,-6.250000000000000000e-02,-6.250000000000000000e-02,7.375000000000000000e+00,2.268750000000000000e+01,-6.250000000000000000e-02,-3.250000000000000000e+00,-5.625000000000000000e-01,-5.625000000000000000e-01,3.244375000000000000e+02,-6.250000000000000000e-02,-6.250000000000000000e-02,1.162500000000000000e+01,-6.250000000000000000e-02,-6.250000000000000000e-02,-6.875000000000000000e-01,-1.125000000000000000e+00,-2.437500000000000000e+00,1.000000000000000000e+00
2.611875000000000000e+02,-6.250000000000000000e-02,-6.250000000000000000e-02,1.381250000000000000e+01,2.012500000000000000e+01,-6.250000000000000000e-02,-3.625000000000000000e+00,-1.562500000000000000e+00,-3.062500000000000000e+00,3.246875000000000000e+02,-1.593750000000000000e+01,-6.250000000000000000e-02,2.012500000000000000e+01,-6.250000000000000000e-02,-6.250000000000000000e-02,-4.375000000000000000e-01,-1.437500000000000000e+00,-3.687500000000000000e+00,1.000000000000000000e+00
2.611875000000000000e+02,-6.250000000000000000e-02,-6.250000000000000000e-02,1.381250000000000000e+01,2.012500000000000000e+01,-6.250000000000000000e-02,-3.375000000000000000e+00,-2.312500000000000000e+00,-3.562500000000000000e+00,3.249375000000000000e+02,-1.575000000000000000e+01,-6.250000000000000000e-02,2.012500000000000000e+01,-6.250000000000000000e-02,-6.250000000000000000e-02,-4.375000000000000000e-01,-1.437500000000000000e+00,-3.687500000000000000e+00,1.000000000000000000e+00
2.614375000000000000e+02,-6.250000000000000000e-02,-6.250000000000000000e-02,1.737500000000000000e+01,1.856250000000000000e+01,-6.250000000000000000e-02,-3.375000000000000000e+00,-2.312500000000000000e+00,-3.562500000000000000e+00,3.251875000000000000e+02,-1.556250000000000000e+01,-6.250000000000000000e-02,2.337500000000000000e+01,2.343750000000000000e+01,1.125000000000000000e+00,2.500000000000000000e-01,-6.250000000000000000e-02,-6.250000000000000000e-02,1.000000000000000000e+00
2.617500000000000000e+02,-6.250000000000000000e-02,-6.250000000000000000e-02,2.062500000000000000e+01,2.187500000000000000e+01,-8.562500000000000000e+00,-2.562500000000000000e+00,-2.625000000000000000e+00,-3.812500000000000000e+00,3.255000000000000000e+02,-1.537500000000000000e+01,-6.250000000000000000e-02,2.343750000000000000e+01,2.250000000000000000e+01,2.937500000000000000e+00,8.125000000000000000e-01,-6.250000000000000000e-02,-6.250000000000000000e-02,1.000000000000000000e+00
2.617500000000000000e+02,-6.250000000000000000e-02,-6.250000000000000000e-02,2.406250000000000000e+01,-6.250000000000000000e-02,-6.250000000000000000e-02,-1.437500000000000000e+00,-2.687500000000000000e+00,-2.937500000000000000e+00,3.255000000000000000e+02,-1.537500000000000000e+01,-6.250000000000000000e-02,1.950000000000000000e+01,2.168750000000000000e+01,4.000000000000000000e+00,1.375000000000000000e+00,-6.250000000000000000e-02,-6.250000000000000000e-02,1.000000000000000000e+00
2.620625000000000000e+02,-6.250000000000000000e-02,-6.250000000000000000e-02,2.406250000000000000e+01,-6.250000000000000000e-02,-6.250000000000000000e-02,1.250000000000000000e-01,-6.250000000000000000e-02,-6.250000000000000000e-02,3.256875000000000000e+02,-1.518750000000000000e+01,-6.250000000000000000e-02,1.950000000000000000e+01,2.168750000000000000e+01,4.000000000000000000e+00,1.562500000000000000e+00,-6.250000000000000000e-02,-6.250000000000000000e-02,1.000000000000000000e+00
2.623750000000000000e+02,-6.250000000000000000e-02,-6.250000000000000000e-02,2.443750000000000000e+01,-6.250000000000000000e-02,-6.250000000000000000e-02,1.250000000000000000e-01,-6.250000000000000000e-02,-6.250000000000000000e-02,3.258125000000000000e+02,-1.500000000000000000e+01,-6.250000000000000000e-02,1.600000000000000000e+01,2.118750000000000000e+01,5.062500000000000000e+00,1.937500000000000000e+00,-6.250000000000000000e-02,-6.250000000000000000e-02,1.000000000000000000e+00
2.627500000000000000e+02,-6.250000000000000000e-02,-6.250000000000000000e-02,2.225000000000000000e+01,-6.250000000000000000e-02,-6.250000000000000000e-02,9.375000000000000000e-01,-6.250000000000000000e-02,-6.250000000000000000e-02,3.259375000000000000e+02,-1.481250000000000000e+01,-6.250000000000000000e-02,1.387500000000000000e+01,2.243750000000000000e+01,5.875000000000000000e+00,1.937500000000000000e+00,-6.250000000000000000e-02,-6.250000000000000000e-02,1.000000000000000000e+00
2.630000000000000000e+02,-6.250000000000000000e-02,-6.250000000000000000e-02,1.925000000000000000e+01,-6.250000000000000000e-02,-6.250000000000000000e-02,9.375000000000000000e-01,-6.250000000000000000e-02,-6.250000000000000000e-02,3.260625000000000000e+02,-1.462500000000000000e+01,-6.250000000000000000e-02,1.193750000000000000e+01,2.331250000000000000e+01,7.062500000000000000e+00,2.562500000000000000e+00,-6.250000000000000000e-02,-6.250000000000000000e-02,1.000000000000000000e+00
2.632500000000000000e+02,-6.250000000000000000e-02,-6.250000000000000000e-02,1.668750000000000000e+01,-6.250000000000000000e-02,-6.250000000000000000e-02,1.250000000000000000e+00,-6.250000000000000000e-02,-6.250000000000000000e-02,3.261250000000000000e+02,-1.443750000000000000e+01,-6.250000000000000000e-02,1.056250000000000000e+01,2.343750000000000000e+01,7.437500000000000000e+00,1.937500000000000000e+00,-6.250000000000000000e-02,-6.250000000000000000e-02,1.000000000000000000e+00
2.632500000000000000e+02,-6.250000000000000000e-02,-6.250000000000000000e-02,1.668750000000000000e+01,-6.250000000000000000e-02,-6.250000000000000000e-02,1.500000000000000000e+00,-6.250000000000000000e-02,-6.250000000000000000e-02,3.261250000000000000e+02,-1.443750000000000000e+01,-6.250000000000000000e-02,1.056250000000000000e+01,2.343750000000000000e+01,7.437500000000000000e+00,1.750000000000000000e+00,-6.250000000000000000e-02,-6.250000000000000000e-02,1.000000000000000000e+00
2.635000000000000000e+02,-6.250000000000000000e-02,-6.250000000000000000e-02,1.543750000000000000e+01,-6.250000000000000000e-02,-6.250000000000000000e-02,1.500000000000000000e+00,-6.250000000000000000e-02,-6.250000000000000000e-02,3.261875000000000000e+02,-1.425000000000000000e+01,-6.250000000000000000e-02,9.625000000000000000e+00,-6.250000000000000000e-02,-6.250000000000000000e-02,2.000000000000000000e+00,-6.250000000000000000e-02,-6.250000000000000000e-02,1.000000000000000000e+00
2.637500000000000000e+02,-6.250000000000000000e-02,-6.250000000000000000e-02,1.431250000000000000e+01,-6.250000000000000000e-02,-6.250000000000000000e-02,1.312500000000000000e+00,-6.250000000000000000e-02,-6.250000000000000000e-02,3.262500000000000000e+02,-1.406250000000000000e+01,-6.250000000000000000e-02,8.812500000000000000e+00,-6.250000000000000000e-02,-6.250000000000000000e-02,2.000000000000000000e+00,-6.250000000000000000e-02,-6.250000000000000000e-02,1.000000000000000000e+00
2.639375000000000000e+02,-6.250000000000000000e-02,-6.250000000000000000e-02,1.218750000000000000e+01,-6.250000000000000000e-02,-6.250000000000000000e-02,8.125000000000000000e-01,-6.250000000000000000e-02,-6.250000000000000000e-02,3.262500000000000000e+02,-1.381250000000000000e+01,-6.250000000000000000e-02,7.750000000000000000e+00,-6.250000000000000000e-02,-6.250000000000000000e-02,1.687500000000000000e+00,-6.250000000000000000e-02,-6.250000000000000000e-02,1.000000000000000000e+00
2.641250000000000000e+02,-6.250000000000000000e-02,-6.250000000000000000e-02,9.062500000000000000e+00,3.418750000000000000e+01,-6.250000000000000000e-02,8.125000000000000000e-01,-6.250000000000000000e-02,-6.250000000000000000e-02,3.263125000000000000e+02,-1.356250000000000000e+01,-6.250000000000000000e-02,6.875000000000000000e+00,-6.250000000000000000e-02,-6.250000000000000000e-02,2.125000000000000000e+00,-6.250000000000000000e-02,-6.250000000000000000e-02,1.000000000000000000e+00
2.642500000000000000e+02,-6.250000000000000000e-02,-6.250000000000000000e-02,5.500000000000000000e+00,3.793750000000000000e+01,-8.187500000000000000e+00,8.125000000000000000e-01,-6.250000000000000000e-02,-6.250000000000000000e-02,3.263125000000000000e+02,-1.356250000000000000e+01,-6.250000000000000000e-02,4.812500000000000000e+00,-6.250000000000000000e-02,-6.250000000000000000e-02,3.875000000000000000e+00,-6.250000000000000000e-02,-6.250000000000000000e-02,1.000000000000000000e+00
2.642500000000000000e+02,-6.250000000000000000e-02,-6.250000000000000000e-02,5.500000000000000000e+00,3.793750000000000000e+01,-8.187500000000000000e+00,8.125000000000000000e-01,-6.250000000000000000e-02,-6.250000000000000000e-02,3.263125000000000000e+02,-1.331250000000000000e+01,-6.250000000000000000e-02,4.812500000000000000e+00,-6.250000000000000000e-02,-6.250000000000000000e-02,3.875000000000000000e+00,-6.250000000000000000e-02,-6.250000000000000000e-02,1.000000000000000000e+00
2.644375000000000000e+02,-6.250000000000000000e-02,-6.250000000000000000e-02,4.062500000000000000e+00,-6.250000000000000000e-02,-6.250000000000000000e-02,1.437500000000000000e+00,-6.250000000000000000e-02,-6.250000000000000000e-02,3.262500000000000000e+02,-1.312500000000000000e+01,-6.250000000000000000e-02,2.187500000000000000e+00,-6.250000000000000000e-02,-6.250000000000000000e-02,8.875000000000000000e+00,-6.250000000000000000e-02,-6.250000000000000000e-02,1.000000000000000000e+00
2.646250000000000000e+02,-6.250000000000000000e-02,-6.250000000000000000e-02,5.875000000000000000e+00,-6.250000000000000000e-02,-6.250000000000000000e-02,4.562500000000000000e+00,-6.250000000000000000e-02,-6.250000000000000000e-02,3.261875000000000000e+02,-1.287500000000000000e+01,-6.250000000000000000e-02,1.500000000000000000e+00,-6.250000000000000000e-02,-6.250000000000000000e-02,1.093750000000000000e+01,-6.250000000000000000e-02,-6.250000000000000000e-02,1.000000000000000000e+00
2.648125000000000000e+02,-6.250000000000000000e-02,-6.250000000000000000e-02,8.750000000000000000e+00,-6.250000000000000000e-02,-6.250000000000000000e-02,6.437500000000000000e+00,-6.250000000000000000e-02,-6.250000000000000000e-02,3.260625000000000000e+02,2.035375000000000000e+03,-6.250000000000000000e-02,-1.625000000000000000e+00,2.662500000000000000e+01,-8.062500000000000000e+00,1.143750000000000000e+01,-6.250000000000000000e-02,-6.250000000000000000e-02,1.000000000000000000e+00
2.650000000000000000e+02,-6.250000000000000000e-02,-6.250000000000000000e-02,7.750000000000000000e+00,-6.250000000000000000e-02,-6.250000000000000000e-02,8.625000000000000000e+00,-6.250000000000000000e-02,-6.250000000000000000e-02,3.259375000000000000e+02,-1.243750000000000000e+01,-6.250000000000000000e-02,-5.375000000000000000e+00,-6.250000000000000000e-02,-6.250000000000000000e-02,1.225000000000000000e+01,-6.250000000000000000e-02,-6.250000000000000000e-02,1.000000000000000000e+00
2.650000000000000000e+02,-6.250000000000000000e-02,-6.250000000000000000e-02,2.250000000000000000e+00,-6.250000000000000000e-02,-6.250000000000000000e-02,1.043750000000000000e+01,-6.250000000000000000e-02,-6.250000000000000000e-02,3.259375000000000000e+02,-1.243750000000000000e+01,-6.250000000000000000e-02,-5.375000000000000000e+00,-6.250000000000000000e-02,-6.250000000000000000e-02,1.162500000000000000e+01,-6.250000000000000000e-02,-6.250000000000000000e-02,1.000000000000000000e+00
2.651250000000000000e+02,-6.250000000000000000e-02,-6.250000000000000000e-02,2.250000000000000000e+00,-6.250000000000000000e-02,-6.250000000000000000e-02,1.043750000000000000e+01,-6.250000000000000000e-02,-6.250000000000000000e-02,3.256875000000000000e+02,-1.218750000000000000e+01,-6.250000000000000000e-02,-9.062500000000000000e+00,2.712500000000000000e+01,-6.250000000000000000e-02,1.162500000000000000e+01,-6.250000000000000000e-02,-6.250000000000000000e-02,1.000000000000000000e+00
2.651875000000000000e+02,-6.250000000000000000e-02,-6.250000000000000000e-02,-4.937500000000000000e+00,-6.250000000000000000e-02,-6.250000000000000000e-02,1.212500000000000000e+01,-6.250000000000000000e-02,-6.250000000000000000e-02,3.254375000000000000e+02,-7.593750000000000000e+01,1.668750000000000000e+02,-1.443750000000000000e+01,-6.250000000000000000e-02,-6.250000000000000000e-02,1.050000000000000000e+01,-6.250000000000000000e-02,-6.250000000000000000e-02,1.000000000000000000e+00
2.651250000000000000e+02,-6.250000000000000000e-02,-6.250000000000000000e-02,-1.118750000000000000e+01,4.618750000000000000e+01,-6.250000000000000000e-02,1.181250000000000000e+01,-6.250000000000000000e-02,-6.250000000000000000e-02,3.250625000000000000e+02,-7.568750000000000000e+01,1.677500000000000000e+02,-5.562500000000000000e+00,-6.250000000000000000e-02,-6.250000000000000000e-02,9.062500000000000000e+00,1.062500000000000000e+00,0.000000000000000000e+00,1.000000000000000000e+00
2.650000000000000000e+02,-6.250000000000000000e-02,-6.250000000000000000e-02,-1.881250000000000000e+01,4.812500000000000000e+01,-6.250000000000000000e-02,1.137500000000000000e+01,1.562500000000000000e+00,-6.250000000000000000e-02,3.246250000000000000e+02,-7.543750000000000000e+01,1.686875000000000000e+02,-1.462500000000000000e+01,-6.250000000000000000e-02,-6.250000000000000000e-02,9.062500000000000000e+00,1.062500000000000000e+00,0.000000000000000000e+00,1.000000000000000000e+00
2.647500000000000000e+02,-6.250000000000000000e-02,-6.250000000000000000e-02,-1.337500000000000000e+01,-6.250000000000000000e-02,-6.250000000000000000e-02,9.437500000000000000e+00,2.250000000000000000e+00,7.500000000000000000e-01,3.240625000000000000e+02,-7.512500000000000000e+01,1.696250000000000000e+02,-5.875000000000000000e+00,-6.250000000000000000e-02,-6.250000000000000000e-02,8.437500000000000000e+00,1.062500000000000000e+00,-6.250000000000000000e-02,9.919999999999999929e-01
2.643125000000000000e+02,-6.250000000000000000e-02,-6.250000000000000000e-02,-4.037500000000000000e+01,5.381250000000000000e+01,1.750000000000000000e+00,9.125000000000000000e+00,2.125000000000000000e+00,-6.250000000000000000e-02,3.235000000000000000e+02,-7.475000000000000000e+01,1.704375000000000000e+02,-1.268750000000000000e+01,-6.250000000000000000e-02,-6.250000000000000000e-02,9.000000000000000000e+00,1.187500000000000000e+00,6.250000000000000000e-01,1.000000000000000000e+00
2.643125000000000000e+02,-6.250000000000000000e-02,-6.250000000000000000e-02,-4.037500000000000000e+01,5.381250000000000000e+01,1.750000000000000000e+00,9.312500000000000000e+00,1.875000000000000000e+00,-6.250000000000000000e-02,3.235000000000000000e+02,-7.475000000000000000e+01,1.704375000000000000e+02,-1.268750000000000000e+01,-6.250000000000000000e-02,-6.250000000000000000e-02,1.081250000000000000e+01,1.750000000000000000e+00,2.562500000000000000e+00,1.000000000000000000e+00
2.638125000000000000e+02,-6.250000000000000000e-02,-6.250000000000000000e-02,-5.012500000000000000e+01,5.775000000000000000e+01,4.875000000000000000e+00,9.937500000000000000e+00,2.312500000000000000e+00,-6.250000000000000000e-02,3.228750000000000000e+02,-7.443750000000000000e+01,1.711875000000000000e+02,-5.125000000000000000e+01,3.606250000000000000e+01,1.437500000000000000e+00,1.193750000000000000e+01,2.187500000000000000e+00,3.750000000000000000e+00,1.000000000000000000e+00
2.631875000000000000e+02,-6.250000000000000000e-02,-6.250000000000000000e-02,-5.818750000000000000e+01,6.081250000000000000e+01,7.562500000000000000e+00,1.218750000000000000e+01,3.687500000000000000e+00,1.875000000000000000e-01,3.221875000000000000e+02,-7.406250000000000000e+01,1.718125000000000000e+02,-6.062500000000000000e+00,-6.250000000000000000e-02,-6.250000000000000000e-02,1.275000000000000000e+01,2.812500000000000000e+00,3.062500000000000000e+00,1.000000000000000000e+00
2.624375000000000000e+02,-6.250000000000000000e-02,-6.250000000000000000e-02,-6.456250000000000000e+01,6.325000000000000000e+01,-6.250000000000000000e-02,1.350000000000000000e+01,3.687500000000000000e+00,3.750000000000000000e-01,3.216875000000000000e+02,-7.375000000000000000e+01,1.721875000000000000e+02,-4.981250000000000000e+01,3.237500000000000000e+01,-6.250000000000000000e-02,1.275000000000000000e+01,2.812500000000000000e+00,3.062500000000000000e+00,1.000000000000000000e+00
2.616250000000000000e+02,-6.250000000000000000e-02,-6.250000000000000000e-02,-4.062500000000000000e+00,-6.250000000000000000e-02,-6.250000000000000000e-02,1.350000000000000000e+01,3.687500000000000000e+00,3.750000000000000000e-01,3.212500000000000000e+02,-7.343750000000000000e+01,1.723125000000000000e+02,-4.275000000000000000e+01,3.343750000000000000e+01,-1.231250000000000000e+01,1.262500000000000000e+01,2.625000000000000000e+00,3.312500000000000000e+00,1.000000000000000000e+00
2.608125000000000000e+02,-6.250000000000000000e-02,-6.250000000000000000e-02,-6.668750000000000000e+01,6.331250000000000000e+01,-6.250000000000000000e-02,1.387500000000000000e+01,3.437500000000000000e+00,1.250000000000000000e+00,3.209375000000000000e+02,-7.306250000000000000e+01,1.723125000000000000e+02,-3.543750000000000000e+01,3.625000000000000000e+01,-1.537500000000000000e+01,1.312500000000000000e+01,3.312500000000000000e+00,4.250000000000000000e+00,1.000000000000000000e+00
2.608125000000000000e+02,-6.250000000000000000e-02,-6.250000000000000000e-02,-6.668750000000000000e+01,6.331250000000000000e+01,-6.250000000000000000e-02,1.387500000000000000e+01,3.437500000000000000e+00,1.250000000000000000e+00,3.209375000000000000e+02,-7.306250000000000000e+01,1.723125000000000000e+02,-3.543750000000000000e+01,3.625000000000000000e+01,-1.537500000000000000e+01,1.268750000000000000e+01,4.187500000000000000e+00,3.250000000000000000e+00,1.000000000000000000e+00
2.600625000000000000e+02,-6.250000000000000000e-02,-6.250000000000000000e-02,-1.300000000000000000e+01,-6.250000000000000000e-02,-6.250000000000000000e-02,1.218750000000000000e+01,2.062500000000000000e+00,3.312500000000000000e+00,3.207500000000000000e+02,-7.268750000000000000e+01,1.723125000000000000e+02,-7.187500000000000000e+00,-6.250000000000000000e-02,-6.250000000000000000e-02,1.031250000000000000e+01,3.937500000000000000e+00,3.312500000000000000e+00,1.000000000000000000e+00
2.594375000000000000e+02,-1.593750000000000000e+01,-6.250000000000000000e-02,-4.437500000000000000e+00,-6.250000000000000000e-02,-6.250000000000000000e-02,1.181250000000000000e+01,3.062500000000000000e+00,3.125000000000000000e+00,3.205625000000000000e+02,-7.225000000000000000e+01,1.722500000000000000e+02,-1.800000000000000000e+01,4.325000000000000000e+01,-6.250000000000000000e-02,1.031250000000000000e+01,2.812500000000000000e+00,4.000000000000000000e+00,1.000000000000000000e+00
2.588750000000000000e+02,-1.550000000000000000e+01,-6.250000000000000000e-02,-4.287500000000000000e+01,5.712500000000000000e+01,-6.250000000000000000e-02,1.106250000000000000e+01,3.562500000000000000e+00,3.187500000000000000e+00,3.204375000000000000e+02,-6.250000000000000000e-02,-6.250000000000000000e-02,-1.800000000000000000e+01,4.325000000000000000e+01,-6.250000000000000000e-02,1.031250000000000000e+01,2.812500000000000000e+00,4.000000000000000000e+00,1.000000000000000000e+00
2.584375000000000000e+02,-1.493750000000000000e+01,-6.250000000000000000e-02,-3.206250000000000000e+01,5.868750000000000000e+01,-6.250000000000000000e-02,1.106250000000000000e+01,3.562500000000000000e+00,3.187500000000000000e+00,3.201875000000000000e+02,-6.250000000000000000e-02,-6.250000000000000000e-02,-1.781250000000000000e+01,4.225000000000000000e+01,-6.250000000000000000e-02,1.043750000000000000e+01,2.750000000000000000e+00,3.750000000000000000e+00,1.000000000000000000e+00
2.580625000000000000e+02,-1.443750000000000000e+01,-6.250000000000000000e-02,-5.437500000000000000e+00,-6.250000000000000000e-02,-6.250000000000000000e-02,1.168750000000000000e+01,3.750000000000000000e+00,5.187500000000000000e+00,3.199375000000000000e+02,-6.250000000000000000e-02,-6.250000000000000000e-02,-1.781250000000000000e+01,4.162500000000000000e+01,4.937500000000000000e+00,9.687500000000000000e+00,2.375000000000000000e+00,2.750000000000000000e+00,1.000000000000000000e+00
2.580625000000000000e+02,-1.443750000000000000e+01,-6.250000000000000000e-02,-5.437500000000000000e+00,-6.250000000000000000e-02,-6.250000000000000000e-02,1.156250000000000000e+01,3.000000000000000000e+00,3.875000000000000000e+00,3.199375000000000000e+02,-6.250000000000000000e-02,-6.250000000000000000e-02,-1.306250000000000000e+01,-6.250000000000000000e-02,-6.250000000000000000e-02,8.312500000000000000e+00,1.312500000000000000e+00,1.875000000000000000e+00,1.000000000000000000e+00
2.578125000000000000e+02,-1.393750000000000000e+01,-6.250000000000000000e-02,-1.512500000000000000e+01,-6.250000000000000000e-02,-6.250000000000000000e-02,1.156250000000000000e+01,3.000000000000000000e+00,3.875000000000000000e+00,3.196875000000000000e+02,-6.250000000000000000e-02,-6.250000000000000000e-02,-1.306250000000000000e+01,-6.250000000000000000e-02,-6.250000000000000000e-02,7.000000000000000000e+00,-6.250000000000000000e-02,-6.250000000000000000e-02,1.000000000000000000e+00
2.576875000000000000e+02,-1.331250000000000000e+01,-6.250000000000000000e-02,-1.050000000000000000e+01,6.312500000000000000e+01,5.500000000000000000e+00,1.037500000000000000e+01,2.187500000000000000e+00,1.437500000000000000e+00,3.194375000000000000e+02,-6.250000000000000000e-02,-6.250000000000000000e-02,-1.218750000000000000e+01,-6.250000000000000000e-02,-6.250000000000000000e-02,7.500000000000000000e+00,-6.250000000000000000e-02,-6.250000000000000000e-02,1.000000000000000000e+00
2.575625000000000000e+02,-1.275000000000000000e+01,-6.250000000000000000e-02,-8.625000000000000000e+00,6.650000000000000000e+01,5.562500000000000000e+00,7.562500000000000000e+00,-6.250000000000000000e-02,-6.250000000000000000e-02,3.191250000000000000e+02,-6.250000000000000000e-02,-6.250000000000000000e-02,-1.387500000000000000e+01,-6.250000000000000000e-02,-6.250000000000000000e-02,9.375000000000000000e+00,-6.250000000000000000e-02,-6.250000000000000000e-02,1.000000000000000000e+00
2.574375000000000000e+02,-1.212500000000000000e+01,-6.250000000000000000e-02,-8.625000000000000000e+00,6.650000000000000000e+01,5.562500000000000000e+00,7.562500000000000000e+00,-6.250000000000000000e-02,-6.250000000000000000e-02,3.188125000000000000e+02,-6.250000000000000000e-02,-6.250000000000000000e-02,-1.581250000000000000e+01,-6.250000000000000000e-02,-6.250000000000000000e-02,9.375000000000000000e+00,-6.250000000000000000e-02,-6.250000000000000000e-02,1.000000000000000000e+00
2.573125000000000000e+02,-7.550000000000000000e+01,1.696875000000000000e+02,-1.025000000000000000e+01,6.962500000000000000e+01,5.125000000000000000e+00,7.750000000000000000e+00,-6.250000000000000000e-02,-6.250000000000000000e-02,3.185625000000000000e+02,-6.250000000000000000e-02,-6.250000000000000000e-02,-1.162500000000000000e+01,4.587500000000000000e+01,-6.250000000000000000e-02,1.037500000000000000e+01,-6.250000000000000000e-02,-6.250000000000000000e-02,1.000000000000000000e+00
2.573125000000000000e+02,-7.550000000000000000e+01,1.696875000000000000e+02,-1.025000000000000000e+01,6.962500000000000000e+01,5.125000000000000000e+00,8.625000000000000000e+00,-6.250000000000000000e-02,-6.250000000000000000e-02,3.185625000000000000e+02,-6.250000000000000000e-02,-6.250000000000000000e-02,-7.187500000000000000e+00,-6.250000000000000000e-02,-6.250000000000000000e-02,9.250000000000000000e+00,-6.250000000000000000e-02,-6.250000000000000000e-02,1.000000000000000000e+00
2.571875000000000000e+02,-7.481250000000000000e+01,1.703750000000000000e+02,-1.025000000000000000e+01,7.056250000000000000e+01,4.437500000000000000e+00,9.312500000000000000e+00,0.000000000000000000e+00,5.437500000000000000e+00,3.183750000000000000e+02,-6.250000000000000000e-02,-6.250000000000000000e-02,-8.937500000000000000e+00,5.068750000000000000e+01,6.062500000000000000e+00,9.187500000000000000e+00,-6.250000000000000000e-02,-6.250000000000000000e-02,1.000000000000000000e+00
2.571250000000000000e+02,-7.412500000000000000e+01,1.709375000000000000e+02,-4.437500000000000000e+00,-6.250000000000000000e-02,-6.250000000000000000e-02,9.187500000000000000e+00,1.000000000000000000e+00,4.437500000000000000e+00,3.182500000000000000e+02,-6.250000000000000000e-02,-6.250000000000000000e-02,-1.325000000000000000e+01,-6.250000000000000000e-02,-6.250000000000000000e-02,8.750000000000000000e+00,-6.250000000000000000e-02,-6.250000000000000000e-02,1.000000000000000000e+00
2.571250000000000000e+02,-7.343750000000000000e+01,1.713125000000000000e+02,-1.312500000000000000e+00,7.093750000000000000e+01,8.125000000000000000e-01,8.875000000000000000e+00,1.312500000000000000e+00,4.000000000000000000e+00,3.180000000000000000e+02,-6.250000000000000000e-02,-6.250000000000000000e-02,-1.325000000000000000e+01,-6.250000000000000000e-02,-6.250000000000000000e-02,8.750000000000000000e+00,-6.250000000000000000e-02,-6.250000000000000000e-02,1.000000000000000000e+00
2.571250000000000000e+02,-7.281250000000000000e+01,1.716875000000000000e+02,-3.875000000000000000e+00,7.018750000000000000e+01,-6.250000000000000000e-02,8.875000000000000000e+00,1.312500000000000000e+00,4.000000000000000000e+00,3.177500000000000000e+02,-6.250000000000000000e-02,-6.250000000000000000e-02,-1.500000000000000000e+01,-6.250000000000000000e-02,-6.250000000000000000e-02,6.562500000000000000e+00,1.750000000000000000e+00,3.687500000000000000e+00,1.000000000000000000e+00
2.570625000000000000e+02,-7.212500000000000000e+01,1.720625000000000000e+02,-7.500000000000000000e+00,-6.250000000000000000e-02,-6.250000000000000000e-02,7.187500000000000000e+00,1.000000000000000000e+00,4.812500000000000000e+00,3.174375000000000000e+02,-6.250000000000000000e-02,-6.250000000000000000e-02,-1.568750000000000000e+01,-6.250000000000000000e-02,-6.250000000000000000e-02,4.062500000000000000e+00,3.375000000000000000e+00,4.000000000000000000e+00,1.000000000000000000e+00
2.570000000000000000e+02,-6.250000000000000000e-02,-6.250000000000000000e-02,-7.500000000000000000e+00,-6.250000000000000000e-02,-6.250000000000000000e-02,5.875000000000000000e+00,2.062500000000000000e+00,4.062500000000000000e+00,3.171250000000000000e+02,-6.250000000000000000e-02,-6.250000000000000000e-02,-1.756250000000000000e+01,5.506250000000000000e+01,7.937500000000000000e+00,3.625000000000000000e+00,3.437500000000000000e+00,3.937500000000000000e+00,1.000000000000000000e+00
2.570000000000000000e+02,-6.250000000000000000e-02,-6.250000000000000000e-02,-7.500000000000000000e+00,-6.250000000000000000e-02,-6.250000000000000000e-02,4.125000000000000000e+00,2.250000000000000000e+00,3.187500000000000000e+00,3.171250000000000000e+02,-6.250000000000000000e-02,-6.250000000000000000e-02,-1.943750000000000000e+01,5.462500000000000000e+01,-6.250000000000000000e-02,4.375000000000000000e+00,3.937500000000000000e+00,3.875000000000000000e+00,1.000000000000000000e+00
2.569375000000000000e+02,-6.250000000000000000e-02,-6.250000000000000000e-02,-9.437500000000000000e+00,7.256250000000000000e+01,1.687500000000000000e+00,4.125000000000000000e+00,2.250000000000000000e+00,3.187500000000000000e+00,3.167500000000000000e+02,-6.250000000000000000e-02,-6.250000000000000000e-02,-1.943750000000000000e+01,5.462500000000000000e+01,-6.250000000000000000e-02,3.750000000000000000e+00,2.937500000000000000e+00,5.750000000000000000e+00,1.000000000000000000e+00
2.567500000000000000e+02,-6.250000000000000000e-02,-6.250000000000000000e-02,-1.250000000000000000e+01,-6.250000000000000000e-02,-6.250000000000000000e-02,3.500000000000000000e+00,2.125000000000000000e+00,5.187500000000000000e+00,3.163750000000000000e+02,-6.250000000000000000e-02,-6.250000000000000000e-02,-4.125000000000000000e+00,-6.250000000000000000e-02,-6.250000000000000000e-02,2.750000000000000000e+00,1.687500000000000000e+00,5.375000000000000000e+00,1.000000000000000000e+00
2.565000000000000000e+02,-6.250000000000000000e-02,-6.250000000000000000e-02,-1.712500000000000000e+01,7.543750000000000000e+01,7.187500000000000000e+00,3.500000000000000000e+00,2.125000000000000000e+00,5.187500000000000000e+00,3.160000000000000000e+02,-6.250000000000000000e-02,-6.250000000000000000e-02,-4.125000000000000000e+00,-6.250000000000000000e-02,-6.250000000000000000e-02,2.750000000000000000e+00,1.687500000000000000e+00,5.375000000000000000e+00,1.000000000000000000e+00
2.561875000000000000e+02,-6.250000000000000000e-02,-6.250000000000000000e-02,-1.818750000000000000e+01,7.568750000000000000e+01,-6.250000000000000000e-02,3.312500000000000000e+00,2.875000000000000000e+00,5.687500000000000000e+00,3.156875000000000000e+02,-1.593750000000000000e+01,-6.250000000000000000e-02,-2.000000000000000000e+01,5.225000000000000000e+01,3.687500000000000000e+00,8.125000000000000000e-01,1.062500000000000000e+00,4.375000000000000000e+00,1.000000000000000000e+00
2.558125000000000000e+02,-6.250000000000000000e-02,-6.250000000000000000e-02,-1.818750000000000000e+01,7.568750000000000000e+01,-6.250000000000000000e-02,3.125000000000000000e+00,3.187500000000000000e+00,5.625000000000000000e+00,3.153750000000000000e+02,-1.543750000000000000e+01,-6.250000000000000000e-02,-1.868750000000000000e+01,5.468750000000000000e+01,1.750000000000000000e+00,2.812500000000000000e+00,2.250000000000000000e+00,6.312500000000000000e+00,1.000000000000000000e+00
2.558125000000000000e+02,-6.250000000000000000e-02,-6.250000000000000000e-02,-1.818750000000000000e+01,7.568750000000000000e+01,-6.250000000000000000e-02,4.312500000000000000e+00,5.875000000000000000e+00,5.187500000000000000e+00,3.153750000000000000e+02,-1.543750000000000000e+01,-6.250000000000000000e-02,-1.987500000000000000e+01,5.425000000000000000e+01,6.250000000000000000e-02,3.375000000000000000e+00,3.437500000000000000e+00,6.687500000000000000e+00,1.000000000000000000e+00
2.555625000000000000e+02,-6.250000000000000000e-02,-6.250000000000000000e-02,-1.312500000000000000e+01,-6.250000000000000000e-02,-6.250000000000000000e-02,4.312500000000000000e+00,5.875000000000000000e+00,5.187500000000000000e+00,3.150625000000000000e+02,-1.487500000000000000e+01,-6.250000000000000000e-02,-1.987500000000000000e+01,5.425000000000000000e+01,6.250000000000000000e-02,4.375000000000000000e+00,5.250000000000000000e+00,6.437500000000000000e+00,1.000000000000000000e+00
2.552500000000000000e+02,-6.250000000000000000e-02,-6.250000000000000000e-02,-1.693750000000000000e+01,7.318750000000000000e+01,-6.250000000000000000e-02,4.375000000000000000e+00,7.500000000000000000e+00,4.250000000000000000e+00,3.147500000000000000e+02,-1.437500000000000000e+01,-6.250000000000000000e-02,-6.937500000000000000e+00,-6.250000000000000000e-02,-6.250000000000000000e-02,3.187500000000000000e+00,6.625000000000000000e+00,4.375000000000000000e+00,1.000000000000000000e+00
2.548125000000000000e+02,-6.250000000000000000e-02,-6.250000000000000000e-02,-2.481250000000000000e+01,7.143750000000000000e+01,-6.250000000000000000e-02,4.437500000000000000e+00,-6.250000000000000000e-02,-6.250000000000000000e-02,3.143750000000000000e+02,-1.393750000000000000e+01,-6.250000000000000000e-02,-2.518750000000000000e+01,4.900000000000000000e+01,-6.250000000000000000e-02,3.187500000000000000e+00,6.625000000000000000e+00,4.375000000000000000e+00,1.000000000000000000e+00
2.543750000000000000e+02,-6.250000000000000000e-02,-6.250000000000000000e-02,-2.537500000000000000e+01,7.081250000000000000e+01,-6.250000000000000000e-02,4.250000000000000000e+00,-6.250000000000000000e-02,-6.250000000000000000e-02,3.141250000000000000e+02,-1.343750000000000000e+01,-6.250000000000000000e-02,-1.843750000000000000e+01,4.756250000000000000e+01,-6.250000000000000000e-02,2.312500000000000000e+00,4.312500000000000000e+00,5.625000000000000000e+00,1.000000000000000000e+00
2.541250000000000000e+02,-6.250000000000000000e-02,-6.250000000000000000e-02,-1.275000000000000000e+01,-6.250000000000000000e-02,-6.250000000000000000e-02,4.562500000000000000e+00,5.125000000000000000e+00,5.562500000000000000e+00,3.141875000000000000e+02,-1.300000000000000000e+01,-6.250000000000000000e-02,-1.437500000000000000e+00,4.825000000000000000e+01,-9.625000000000000000e+00,2.187500000000000000e+00,1.062500000000000000e+00,5.687500000000000000e+00,1.000000000000000000e+00
2.541250000000000000e+02,-6.250000000000000000e-02,-6.250000000000000000e-02,-1.275000000000000000e+01,-6.250000000000000000e-02,-6.250000000000000000e-02,4.562500000000000000e+00,5.125000000000000000e+00,5.562500000000000000e+00,3.141875000000000000e+02,-1.300000000000000000e+01,-6.250000000000000000e-02,-1.437500000000000000e+00,4.825000000000000000e+01,-9.625000000000000000e+00,4.250000000000000000e+00,-6.250000000000000000e-02,-6.250000000000000000e-02,1.000000000000000000e+00
2.540625000000000000e+02,-1.575000000000000000e+01,-6.250000000000000000e-02,1.500000000000000000e+00,6.575000000000000000e+01,-6.250000000000000000e-02,4.125000000000000000e+00,2.562500000000000000e+00,4.812500000000000000e+00,3.145000000000000000e+02,-1.250000000000000000e+01,-6.250000000000000000e-02,1.106250000000000000e+01,4.800000000000000000e+01,-1.081250000000000000e+01,5.250000000000000000e+00,-6.250000000000000000e-02,-6.250000000000000000e-02,1.000000000000000000e+00
2.541875000000000000e+02,-1.512500000000000000e+01,-6.250000000000000000e-02,1.162500000000000000e+01,6.462500000000000000e+01,5.125000000000000000e+00,4.750000000000000000e+00,-6.250000000000000000e-02,-6.250000000000000000e-02,3.148750000000000000e+02,-1.206250000000000000e+01,-6.250000000000000000e-02,1.593750000000000000e+01,4.881250000000000000e+01,-1.062500000000000000e+01,4.875000000000000000e+00,-6.250000000000000000e-02,-6.250000000000000000e-02,1.000000000000000000e+00
2.545000000000000000e+02,-1.456250000000000000e+01,-6.250000000000000000e-02,1.962500000000000000e+01,-6.250000000000000000e-02,-6.250000000000000000e-02,4.750000000000000000e+00,-6.250000000000000000e-02,-6.250000000000000000e-02,3.152500000000000000e+02,-5.956250000000000000e+01,1.791875000000000000e+02,1.693750000000000000e+01,4.812500000000000000e+01,-9.000000000000000000e+00,4.875000000000000000e+00,-6.250000000000000000e-02,-6.250000000000000000e-02,1.000000000000000000e+00
2.550000000000000000e+02,-1.393750000000000000e+01,-6.250000000000000000e-02,2.506250000000000000e+01,-6.250000000000000000e-02,-6.250000000000000000e-02,4.812500000000000000e+00,-6.250000000000000000e-02,-6.250000000000000000e-02,3.155625000000000000e+02,-5.912500000000000000e+01,1.789375000000000000e+02,1.462500000000000000e+01,-6.250000000000000000e-02,-6.250000000000000000e-02,4.375000000000000000e+00,-6.250000000000000000e-02,-6.250000000000000000e-02,1.000000000000000000e+00
2.550000000000000000e+02,-1.393750000000000000e+01,-6.250000000000000000e-02,2.506250000000000000e+01,-6.250000000000000000e-02,-6.250000000000000000e-02,5.125000000000000000e+00,-6.250000000000000000e-02,-6.250000000000000000e-02,3.155625000000000000e+02,-5.912500000000000000e+01,1.789375000000000000e+02,1.162500000000000000e+01,-6.250000000000000000e-02,-6.250000000000000000e-02,1.500000000000000000e+00,-6.250000000000000000e-02,-6.250000000000000000e-02,1.000000000000000000e+00
2.555000000000000000e+02,-1.337500000000000000e+01,-6.250000000000000000e-02,2.781250000000000000e+01,-6.250000000000000000e-02,-6.250000000000000000e-02,5.125000000000000000e+00,-6.250000000000000000e-02,-6.250000000000000000e-02,3.157500000000000000e+02,-5.868750000000000000e+01,1.788125000000000000e+02,5.000000000000000000e+00,-6.250000000000000000e-02,-6.250000000000000000e-02,2.500000000000000000e-01,3.750000000000000000e-01,3.812500000000000000e+00,1.000000000000000000e+00
2.560000000000000000e+02,-1.275000000000000000e+01,-6.250000000000000000e-02,2.643750000000000000e+01,-6.250000000000000000e-02,-6.250000000000000000e-02,4.312500000000000000e+00,-6.250000000000000000e-02,-6.250000000000000000e-02,3.158750000000000000e+02,-5.825000000000000000e+01,1.788125000000000000e+02,5.000000000000000000e+00,-6.250000000000000000e-02,-6.250000000000000000e-02,8.750000000000000000e-01,1.187500000000000000e+00,5.500000000000000000e+00,1.000000000000000000e+00
2.564375000000000000e+02,-1.218750000000000000e+01,-6.250000000000000000e-02,1.787500000000000000e+01,-6.250000000000000000e-02,-6.250000000000000000e-02,2.875000000000000000e+00,1.187500000000000000e+00,2.625000000000000000e+00,3.158125000000000000e+02,-5.781250000000000000e+01,1.788750000000000000e+02,-3.125000000000000000e+00,4.375000000000000000e+01,1.875000000000000000e+00,8.750000000000000000e-01,1.187500000000000000e+00,5.500000000000000000e+00,1.000000000000000000e+00
2.566875000000000000e+02,-5.968750000000000000e+01,1.765000000000000000e+02,8.000000000000000000e+00,-6.250000000000000000e-02,-6.250000000000000000e-02,2.875000000000000000e+00,8.750000000000000000e-01,2.687500000000000000e+00,3.156875000000000000e+02,-5.743750000000000000e+01,1.789375000000000000e+02,-6.500000000000000000e+00,-6.250000000000000000e-02,-6.250000000000000000e-02,4.562500000000000000e+00,-6.250000000000000000e-02,-6.250000000000000000e-02,1.000000000000000000e+00
2.568125000000000000e+02,-5.912500000000000000e+01,1.764375000000000000e+02,3.687500000000000000e+00,-1.994187500000000000e+03,-6.250000000000000000e-02,3.562500000000000000e+00,-6.250000000000000000e-02,-6.250000000000000000e-02,3.156250000000000000e+02,-5.706250000000000000e+01,1.789375000000000000e+02,-5.000000000000000000e+00,-6.250000000000000000e-02,-6.250000000000000000e-02,5.062500000000000000e+00,-6.250000000000000000e-02,-6.250000000000000000e-02,1.000000000000000000e+00
2.568125000000000000e+02,-5.912500000000000000e+01,1.764375000000000000e+02,3.687500000000000000e+00,5.381250000000000000e+01,-6.250000000000000000e-02,3.562500000000000000e+00,-6.250000000000000000e-02,-6.250000000000000000e-02,3.156250000000000000e+02,-5.706250000000000000e+01,1.789375000000000000e+02,-5.000000000000000000e+00,-6.250000000000000000e-02,-6.250000000000000000e-02,4.812500000000000000e+00,-6.250000000000000000e-02,-6.250000000000000000e-02,1.000000000000000000e+00
2.570625000000000000e+02,-5.862500000000000000e+01,1.763125000000000000e+02,7.187500000000000000e+00,5.106250000000000000e+01,-6.250000000000000000e-02,4.937500000000000000e+00,-6.250000000000000000e-02,-6.250000000000000000e-02,3.157500000000000000e+02,-5.662500000000000000e+01,1.788750000000000000e+02,1.937500000000000000e+00,3.975000000000000000e+01,-6.250000000000000000e-02,5.500000000000000000e+00,-6.250000000000000000e-02,-6.250000000000000000e-02,1.000000000000000000e+00
2.573125000000000000e+02,-5.818750000000000000e+01,1.761875000000000000e+02,1.031250000000000000e+01,-6.250000000000000000e-02,-6.250000000000000000e-02,5.500000000000000000e+00,-6.250000000000000000e-02,-6.250000000000000000e-02,3.159375000000000000e+02,-5.625000000000000000e+01,1.786875000000000000e+02,7.875000000000000000e+00,-6.250000000000000000e-02,-6.250000000000000000e-02,3.250000000000000000e+00,-6.250000000000000000e-02,-6.250000000000000000e-02,1.000000000000000000e+00
2.576250000000000000e+02,-5.775000000000000000e+01,1.760000000000000000e+02,1.068750000000000000e+01,-6.250000000000000000e-02,-6.250000000000000000e-02,5.312500000000000000e+00,-6.250000000000000000e-02,-6.250000000000000000e-02,3.162500000000000000e+02,-6.250000000000000000e-02,-6.250000000000000000e-02,1.018750000000000000e+01,3.887500000000000000e+01,-6.250000000000000000e-02,3.250000000000000000e+00,-6.250000000000000000e-02,-6.250000000000000000e-02,1.000000000000000000e+00
2.579375000000000000e+02,-5.731250000000000000e+01,1.758125000000000000e+02,1.150000000000000000e+01,-6.250000000000000000e-02,-6.250000000000000000e-02,3.937500000000000000e+00,-6.250000000000000000e-02,-6.250000000000000000e-02,3.165000000000000000e+02,-6.250000000000000000e-02,-6.250000000000000000e-02,1.100000000000000000e+01,3.875000000000000000e+01,-6.250000000000000000e-02,2.312500000000000000e+00,-6.250000000000000000e-02,-6.250000000000000000e-02,1.000000000000000000e+00
2.579375000000000000e+02,-5.731250000000000000e+01,1.758125000000000000e+02,1.387500000000000000e+01,-6.250000000000000000e-02,-6.250000000000000000e-02,3.000000000000000000e+00,-6.250000000000000000e-02,-6.250000000000000000e-02,3.168125000000000000e+02,-6.250000000000000000e-02,-6.250000000000000000e-02,1.475000000000000000e+01,3.768750000000000000e+01,-6.250000000000000000e-02,1.625000000000000000e+00,-6.250000000000000000e-02,-6.250000000000000000e-02,1.000000000000000000e+00
2.582500000000000000e+02,-5.687500000000000000e+01,1.756250000000000000e+02,1.387500000000000000e+01,-6.250000000000000000e-02,-6.250000000000000000e-02,3.000000000000000000e+00,-6.250000000000000000e-02,-6.250000000000000000e-02,3.168125000000000000e+02,-6.250000000000000000e-02,-6.250000000000000000e-02,1.475000000000000000e+01,3.768750000000000000e+01,-6.250000000000000000e-02,1.625000000000000000e+00,-6.250000000000000000e-02,-6.250000000000000000e-02,1.000000000000000000e+00
2.587500000000000000e+02,-5.643750000000000000e+01,1.753750000000000000e+02,1.787500000000000000e+01,-6.250000000000000000e-02,-6.250000000000000000e-02,1.625000000000000000e+00,-6.250000000000000000e-02,-6.250000000000000000e-02,3.171875000000000000e+02,-6.250000000000000000e-02,-6.250000000000000000e-02,1.650000000000000000e+01,3.543750000000000000e+01,-6.250000000000000000e-02,1.250000000000000000e+00,1.250000000000000000e+00,5.125000000000000000e+00,1.000000000000000000e+00
2.591875000000000000e+02,-5.606250000000000000e+01,1.750625000000000000e+02,1.837500000000000000e+01,-6.250000000000000000e-02,-6.250000000000000000e-02,1.437500000000000000e+00,4.375000000000000000e-01,4.625000000000000000e+00,3.174375000000000000e+02,-6.250000000000000000e-02,-6.250000000000000000e-02,1.325000000000000000e+01,3.368750000000000000e+01,-6.250000000000000000e-02,1.000000000000000000e+00,5.250000000000000000e+00,5.875000000000000000e+00,1.000000000000000000e+00
2.596250000000000000e+02,-6.250000000000000000e-02,-6.250000000000000000e-02,1.812500000000000000e+01,3.656250000000000000e+01,-9.750000000000000000e+00,2.187500000000000000e+00,5.000000000000000000e+00,3.062500000000000000e+00,3.176250000000000000e+02,-6.250000000000000000e-02,-6.250000000000000000e-02,9.687500000000000000e+00,-6.250000000000000000e-02,-6.250000000000000000e-02,1.000000000000000000e+00,6.562500000000000000e+00,1.937500000000000000e+00,1.000000000000000000e+00
2.601250000000000000e+02,-6.250000000000000000e-02,-6.250000000000000000e-02,1.768750000000000000e+01,3.418750000000000000e+01,-9.437500000000000000e+00,2.437500000000000000e+00,5.312500000000000000e+00,1.125000000000000000e+00,3.178750000000000000e+02,-6.250000000000000000e-02,-6.250000000000000000e-02,1.100000000000000000e+01,-6.250000000000000000e-02,-6.250000000000000000e-02,1.000000000000000000e+00,-2.041437500000000000e+03,1.937500000000000000e+00,1.000000000000000000e+00
2.605625000000000000e+02,-6.250000000000000000e-02,-6.250000000000000000e-02,1.737500000000000000e+01,3.325000000000000000e+01,-8.875000000000000000e+00,2.312500000000000000e+00,5.000000000000000000e+00,1.250000000000000000e-01,3.181250000000000000e+02,-6.250000000000000000e-02,-6.250000000000000000e-02,1.256250000000000000e+01,-6.250000000000000000e-02,-6.250000000000000000e-02,2.562500000000000000e+00,3.500000000000000000e+00,4.687500000000000000e+00,1.000000000000000000e+00
2.605625000000000000e+02,-6.250000000000000000e-02,-6.250000000000000000e-02,1.737500000000000000e+01,3.325000000000000000e+01,-8.875000000000000000e+00,2.812500000000000000e+00,4.437500000000000000e+00,8.125000000000000000e-01,3.181250000000000000e+02,-6.250000000000000000e-02,-6.250000000000000000e-02,1.175000000000000000e+01,-6.250000000000000000e-02,-6.250000000000000000e-02,3.375000000000000000e+00,1.875000000000000000e+00,5.875000000000000000e+00,1.000000000000000000e+00
2.609375000000000000e+02,-6.250000000000000000e-02,-6.250000000000000000e-02,1.556250000000000000e+01,-6.250000000000000000e-02,-6.250000000000000000e-02,2.812500000000000000e+00,4.437500000000000000e+00,8.125000000000000000e-01,3.184375000000000000e+02,-6.250000000000000000e-02,-6.250000000000000000e-02,1.018750000000000000e+01,-6.250000000000000000e-02,-6.250000000000000000e-02,3.937500000000000000e+00,1.250000000000000000e-01,5.250000000000000000e+00,1.000000000000000000e+00
2.613125000000000000e+02,-6.250000000000000000e-02,-6.250000000000000000e-02,1.212500000000000000e+01,-6.250000000000000000e-02,-6.250000000000000000e-02,3.250000000000000000e+00,0.000000000000000000e+00,2.375000000000000000e+00,3.186250000000000000e+02,-6.250000000000000000e-02,-6.250000000000000000e-02,1.018750000000000000e+01,-6.250000000000000000e-02,-6.250000000000000000e-02,2.937500000000000000e+00,-6.250000000000000000e-02,-6.250000000000000000e-02,1.000000000000000000e+00
2.615625000000000000e+02,-6.250000000000000000e-02,-6.250000000000000000e-02,8.812500000000000000e+00,-6.250000000000000000e-02,-6.250000000000000000e-02,2.875000000000000000e+00,-6.250000000000000000e-02,-6.250000000000000000e-02,3.188125000000000000e+02,-6.250000000000000000e-02,-6.250000000000000000e-02,8.312500000000000000e+00,2.112500000000000000e+01,-6.250000000000000000e-02,2.937500000000000000e+00,-6.250000000000000000e-02,-6.250000000000000000e-02,1.000000000000000000e+00
2.618125000000000000e+02,-6.250000000000000000e-02,-6.250000000000000000e-02,8.312500000000000000e+00,-6.250000000000000000e-02,-6.250000000000000000e-02,2.750000000000000000e+00,-6.250000000000000000e-02,-6.250000000000000000e-02,3.190000000000000000e+02,-6.250000000000000000e-02,-6.250000000000000000e-02,1.031250000000000000e+01,2.000000000000000000e+01,7.500000000000000000e-01,2.000000000000000000e+00,-6.250000000000000000e-02,-6.250000000000000000e-02,1.000000000000000000e+00
2.620625000000000000e+02,-6.250000000000000000e-02,-6.250000000000000000e-02,9.812500000000000000e+00,2.331250000000000000e+01,-6.250000000000000000e-02,2.375000000000000000e+00,-6.250000000000000000e-02,-6.250000000000000000e-02,3.192500000000000000e+02,-6.250000000000000000e-02,-6.250000000000000000e-02,1.131250000000000000e+01,2.050000000000000000e+01,1.687500000000000000e+00,1.875000000000000000e+00,-6.250000000000000000e-02,-6.250000000000000000e-02,1.000000000000000000e+00
2.620625000000000000e+02,-6.250000000000000000e-02,-6.250000000000000000e-02,9.812500000000000000e+00,2.331250000000000000e+01,-8.062500000000000000e+00,2.375000000000000000e+00,-6.250000000000000000e-02,-6.250000000000000000e-02,3.192500000000000000e+02,-6.250000000000000000e-02,-6.250000000000000000e-02,1.131250000000000000e+01,2.050000000000000000e+01,1.687500000000000000e+00,2.187500000000000000e+00,-6.250000000000000000e-02,-6.250000000000000000e-02,1.000000000000000000e+00
2.622500000000000000e+02,-6.250000000000000000e-02,-6.250000000000000000e-02,8.500000000000000000e+00,2.262500000000000000e+01,-6.250000000000000000e-02,2.375000000000000000e+00,-6.250000000000000000e-02,-6.250000000000000000e-02,3.193750000000000000e+02,-6.250000000000000000e-02,-6.250000000000000000e-02,5.937500000000000000e+00,2.006250000000000000e+01,2.437500000000000000e+00,1.500000000000000000e+00,2.687500000000000000e+00,1.000000000000000000e+00,1.000000000000000000e+00
2.623750000000000000e+02,-6.250000000000000000e-02,-6.250000000000000000e-02,3.562500000000000000e+00,2.175000000000000000e+01,-6.250000000000000000e-02,1.062500000000000000e+00,-6.250000000000000000e-02,-6.250000000000000000e-02,3.193125000000000000e+02,-6.250000000000000000e-02,-6.250000000000000000e-02,-1.043750000000000000e+01,1.450000000000000000e+01,4.687500000000000000e+00,2.125000000000000000e+00,3.312500000000000000e+00,2.812500000000000000e+00,1.000000000000000000e+00
2.623750000000000000e+02,-6.250000000000000000e-02,-6.250000000000000000e-02,-3.000000000000000000e+00,1.993750000000000000e+01,-6.250000000000000000e-02,1.062500000000000000e+00,-6.250000000000000000e-02,-6.250000000000000000e-02,3.190625000000000000e+02,-6.250000000000000000e-02,-6.250000000000000000e-02,-1.043750000000000000e+01,1.450000000000000000e+01,4.687500000000000000e+00,2.125000000000000000e+00,3.312500000000000000e+00,2.812500000000000000e+00,1.000000000000000000e+00
2.622500000000000000e+02,-6.250000000000000000e-02,-6.250000000000000000e-02,-8.187500000000000000e+00,1.756250000000000000e+01,-6.250000000000000000e-02,1.250000000000000000e-01,-6.250000000000000000e-02,-6.250000000000000000e-02,3.187500000000000000e+02,-6.250000000000000000e-02,-6.250000000000000000e-02,-1.431250000000000000e+01,-6.250000000000000000e-02,-6.250000000000000000e-02,1.250000000000000000e+00,2.562500000000000000e+00,3.000000000000000000e+00,1.000000000000000000e+00
2.621250000000000000e+02,-6.250000000000000000e-02,-6.250000000000000000e-02,-9.062500000000000000e+00,1.525000000000000000e+01,8.750000000000000000e-01,-6.250000000000000000e-02,-3.125000000000000000e-01,1.625000000000000000e+00,3.184375000000000000e+02,-6.250000000000000000e-02,-6.250000000000000000e-02,-1.106250000000000000e+01,8.562500000000000000e+00,5.437500000000000000e+00,-3.125000000000000000e-01,5.000000000000000000e-01,3.125000000000000000e+00,1.000000000000000000e+00
2.621250000000000000e+02,-6.250000000000000000e-02,-6.250000000000000000e-02,-9.062500000000000000e+00,1.525000000000000000e+01,8.750000000000000000e-01,-3.125000000000000000e-01,1.000000000000000000e+00,1.000000000000000000e+00,3.184375000000000000e+02,-6.250000000000000000e-02,-6.250000000000000000e-02,-2.500000000000000000e+00,8.125000000000000000e+00,4.875000000000000000e+00,-3.125000000000000000e-01,6.250000000000000000e-02,2.562500000000000000e+00,1.000000000000000000e+00
2.620000000000000000e+02,-6.250000000000000000e-02,-6.250000000000000000e-02,-7.125000000000000000e+00,-6.250000000000000000e-02,-6.250000000000000000e-02,-3.125000000000000000e-01,1.000000000000000000e+00,1.000000000000000000e+00,3.183750000000000000e+02,-6.250000000000000000e-02,-6.250000000000000000e-02,1.043750000000000000e+01,7.437500000000000000e+00,3.375000000000000000e+00,-7.500000000000000000e-01,7.500000000000000000e-01,3.625000000000000000e+00,1.000000000000000000e+00
2.619375000000000000e+02,-6.250000000000000000e-02,-6.250000000000000000e-02,-4.375000000000000000e-01,1.056250000000000000e+01,4.500000000000000000e+00,-1.312500000000000000e+00,4.437500000000000000e+00,1.812500000000000000e+00,3.185625000000000000e+02,-6.250000000000000000e-02,-6.250000000000000000e-02,1.043750000000000000e+01,7.437500000000000000e+00,3.375000000000000000e+00,-1.125000000000000000e+00,2.687500000000000000e+00,2.312500000000000000e+00,1.000000000000000000e+00
2.620625000000000000e+02,-6.250000000000000000e-02,-6.250000000000000000e-02,7.437500000000000000e+00,-6.250000000000000000e-02,-6.250000000000000000e-02,-1.562500000000000000e+00,5.562500000000000000e+00,1.312500000000000000e+00,3.189375000000000000e+02,-6.250000000000000000e-02,-6.250000000000000000e-02,2.143750000000000000e+01,6.875000000000000000e+00,2.250000000000000000e+00,-1.437500000000000000e+00,5.312500000000000000e+00,-6.250000000000000000e-02,1.000000000000000000e+00
2.622500000000000000e+02,-6.250000000000000000e-02,-6.250000000000000000e-02,1.000000000000000000e+01,7.187500000000000000e+00,4.125000000000000000e+00,-1.687500000000000000e+00,6.187500000000000000e+00,-6.250000000000000000e-02,3.193750000000000000e+02,-6.250000000000000000e-02,-6.250000000000000000e-02,2.287500000000000000e+01,6.625000000000000000e+00,1.625000000000000000e+00,-1.437500000000000000e+00,5.312500000000000000e+00,-6.250000000000000000e-02,1.000000000000000000e+00
2.624375000000000000e+02,-6.250000000000000000e-02,-6.250000000000000000e-02,1.100000000000000000e+01,5.562500000000000000e+00,2.687500000000000000e+00,-2.000000000000000000e+00,4.062500000000000000e+00,-6.250000000000000000e-02,3.197500000000000000e+02,-6.250000000000000000e-02,-6.250000000000000000e-02,1.675000000000000000e+01,5.562500000000000000e+00,2.000000000000000000e+00,-3.750000000000000000e-01,5.437500000000000000e+00,-6.250000000000000000e-02,1.000000000000000000e+00
2.624375000000000000e+02,-6.250000000000000000e-02,-6.250000000000000000e-02,1.100000000000000000e+01,5.562500000000000000e+00,2.687500000000000000e+00,-2.312500000000000000e+00,1.187500000000000000e+00,-6.250000000000000000e-02,3.197500000000000000e+02,-6.250000000000000000e-02,-6.250000000000000000e-02,3.062500000000000000e+00,8.750000000000000000e-01,3.875000000000000000e+00,0.000000000000000000e+00,4.750000000000000000e+00,1.875000000000000000e-01,1.000000000000000000e+00
2.625625000000000000e+02,-6.250000000000000000e-02,-6.250000000000000000e-02,8.562500000000000000e+00,4.500000000000000000e+00,1.062500000000000000e+00,-2.312500000000000000e+00,1.187500000000000000e+00,-6.250000000000000000e-02,3.197500000000000000e+02,-6.250000000000000000e-02,-6.250000000000000000e-02,-9.250000000000000000e+00,-4.250000000000000000e+00,-6.250000000000000000e-02,-2.187500000000000000e+00,-9.375000000000000000e-01,-7.500000000000000000e-01,1.000000000000000000e+00
2.626250000000000000e+02,-6.250000000000000000e-02,-6.250000000000000000e-02,2.375000000000000000e+00,2.750000000000000000e+00,-6.250000000000000000e-02,-1.875000000000000000e+00,-1.312500000000000000e+00,-2.000000000000000000e+00,3.195000000000000000e+02,-6.250000000000000000e-02,-6.250000000000000000e-02,-1.712500000000000000e+01,-6.250000000000000000e+00,-6.250000000000000000e-02,-2.812500000000000000e+00,-3.125000000000000000e+00,-8.750000000000000000e-01,1.000000000000000000e+00
2.625625000000000000e+02,-6.250000000000000000e-02,-6.250000000000000000e-02,-3.250000000000000000e+00,7.500000000000000000e-01,1.875000000000000000e-01,-1.937500000000000000e+00,-3.125000000000000000e+00,-2.687500000000000000e+00,3.190625000000000000e+02,-6.250000000000000000e-02,-6.250000000000000000e-02,-1.712500000000000000e+01,-6.250000000000000000e+00,-6.250000000000000000e-02,-3.375000000000000000e+00,-4.750000000000000000e+00,-6.250000000000000000e-02,1.000000000000000000e+00
2.624375000000000000e+02,-6.250000000000000000e-02,-6.250000000000000000e-02,-7.062500000000000000e+00,-6.250000000000000000e-02,-6.250000000000000000e-02,-3.000000000000000000e+00,-2.375000000000000000e+00,-4.187500000000000000e+00,3.186250000000000000e+02,-6.250000000000000000e-02,-6.250000000000000000e-02,-1.543750000000000000e+01,-6.250000000000000000e-02,-6.250000000000000000e-02,-3.375000000000000000e+00,-4.750000000000000000e+00,-6.250000000000000000e-02,1.000000000000000000e+00
2.622500000000000000e+02,-6.250000000000000000e-02,-6.250000000000000000e-02,-4.625000000000000000e+00,-6.250000000000000000e-02,-6.250000000000000000e-02,-3.875000000000000000e+00,-3.750000000000000000e-01,-4.187500000000000000e+00,3.185000000000000000e+02,-6.250000000000000000e-02,-6.250000000000000000e-02,-2.125000000000000000e+00,-7.750000000000000000e+00,-6.250000000000000000e-02,-3.750000000000000000e+00,-4.875000000000000000e+00,-6.250000000000000000e-02,1.000000000000000000e+00
2.622500000000000000e+02,-6.250000000000000000e-02,-6.250000000000000000e-02,-4.625000000000000000e+00,-6.250000000000000000e-02,-6.250000000000000000e-02,-3.875000000000000000e+00,-3.750000000000000000e-01,-4.187500000000000000e+00,3.185000000000000000e+02,-6.250000000000000000e-02,-6.250000000000000000e-02,1.337500000000000000e+01,-6.250000000000000000e-02,-6.250000000000000000e-02,-4.687500000000000000e+00,-6.250000000000000000e-02,-6.250000000000000000e-02,1.000000000000000000e+00
2.621875000000000000e+02,-6.250000000000000000e-02,-6.250000000000000000e-02,3.750000000000000000e-01,-6.250000000000000000e-02,-6.250000000000000000e-02,-5.750000000000000000e+00,-6.250000000000000000e-02,-6.250000000000000000e-02,3.191875000000000000e+02,-6.250000000000000000e-02,-6.250000000000000000e-02,2.706250000000000000e+01,-6.250000000000000000e-02,-6.250000000000000000e-02,-5.562500000000000000e+00,-6.250000000000000000e-02,-6.250000000000000000e-02,1.000000000000000000e+00
2.622500000000000000e+02,-6.250000000000000000e-02,-6.250000000000000000e-02,7.562500000000000000e+00,-6.250000000000000000e-02,-6.250000000000000000e-02,-5.750000000000000000e+00,-6.250000000000000000e-02,-6.250000000000000000e-02,3.191875000000000000e+02,-6.250000000000000000e-02,-6.250000000000000000e-02,3.650000000000000000e+01,-6.250000000000000000e-02,-6.250000000000000000e-02,-6.250000000000000000e+00,-6.250000000000000000e-02,-6.250000000000000000e-02,1.000000000000000000e+00
2.624375000000000000e+02,-6.250000000000000000e-02,-6.250000000000000000e-02,1.668750000000000000e+01,-6.250000000000000000e-02,-6.250000000000000000e-02,-6.875000000000000000e+00,-6.250000000000000000e-02,-6.250000000000000000e-02,3.198750000000000000e+02,-6.250000000000000000e-02,-6.250000000000000000e-02,3.650000000000000000e+01,-6.250000000000000000e-02,-6.250000000000000000e-02,-6.250000000000000000e+00,-6.250000000000000000e-02,-6.250000000000000000e-02,1.000000000000000000e+00
2.628125000000000000e+02,-6.250000000000000000e-02,-6.250000000000000000e-02,2.325000000000000000e+01,-6.250000000000000000e-02,-6.250000000000000000e-02,-7.562500000000000000e+00,-6.250000000000000000e-02,-6.250000000000000000e-02,3.206250000000000000e+02,-6.250000000000000000e-02,-6.250000000000000000e-02,3.762500000000000000e+01,-6.250000000000000000e-02,-6.250000000000000000e-02,-6.125000000000000000e+00,-6.250000000000000000e-02,-6.250000000000000000e-02,1.000000000000000000e+00
2.628125000000000000e+02,-6.250000000000000000e-02,-6.250000000000000000e-02,2.625000000000000000e+01,-6.250000000000000000e-02,-6.250000000000000000e-02,-7.750000000000000000e+00,-6.250000000000000000e-02,-6.250000000000000000e-02,3.211875000000000000e+02,-6.250000000000000000e-02,-6.250000000000000000e-02,3.275000000000000000e+01,-6.250000000000000000e-02,-6.250000000000000000e-02,-7.750000000000000000e+00,-6.250000000000000000e-02,-6.250000000000000000e-02,1.000000000000000000e+00
2.633125000000000000e+02,-6.250000000000000000e-02,-6.250000000000000000e-02,2.625000000000000000e+01,-6.250000000000000000e-02,-6.250000000000000000e-02,-7.750000000000000000e+00,-6.250000000000000000e-02,-6.250000000000000000e-02,3.211875000000000000e+02,-6.250000000000000000e-02,-6.250000000000000000e-02,3.275000000000000000e+01,-6.250000000000000000e-02,-6.250000000000000000e-02,-9.750000000000000000e+00,2.937500000000000000e+00,-6.250000000000000000e-02,1.000000000000000000e+00
2.638125000000000000e+02,-6.250000000000000000e-02,-6.250000000000000000e-02,2.700000000000000000e+01,-6.250000000000000000e-02,-6.250000000000000000e-02,-8.562500000000000000e+00,3.875000000000000000e+00,-6.250000000000000000e-02,3.216875000000000000e+02,-6.250000000000000000e-02,-6.250000000000000000e-02,2.543750000000000000e+01,-1.125000000000000000e+01,3.500000000000000000e+00,-9.750000000000000000e+00,2.937500000000000000e+00,-6.250000000000000000e-02,1.000000000000000000e+00
2.642500000000000000e+02,-6.250000000000000000e-02,-6.250000000000000000e-02,2.375000000000000000e+01,-6.250000000000000000e-02,-6.250000000000000000e-02,-9.375000000000000000e+00,1.625000000000000000e+00,-6.250000000000000000e-02,3.219375000000000000e+02,-6.250000000000000000e-02,-6.250000000000000000e-02,1.068750000000000000e+01,-1.375000000000000000e+01,-6.250000000000000000e-02,-1.131250000000000000e+01,-7.437500000000000000e+00,-6.250000000000000000e-02,1.000000000000000000e+00
2.645625000000000000e+02,-6.250000000000000000e-02,-6.250000000000000000e-02,1.825000000000000000e+01,-6.250000000000000000e-02,-6.250000000000000000e-02,-1.068750000000000000e+01,-1.000000000000000000e+00,-8.062500000000000000e+00,3.220625000000000000e+02,-6.250000000000000000e-02,-6.250000000000000000e-02,1.068750000000000000e+01,-1.375000000000000000e+01,-6.250000000000000000e-02,-1.093750000000000000e+01,-9.562500000000000000e+00,-9.937500000000000000e+00,1.000000000000000000e+00
2.648750000000000000e+02,-6.250000000000000000e-02,-6.250000000000000000e-02,1.606250000000000000e+01,-6.250000000000000000e-02,-6.250000000000000000e-02,-1.325000000000000000e+01,-6.250000000000000000e-02,-6.250000000000000000e-02,3.221875000000000000e+02,-6.250000000000000000e-02,-6.250000000000000000e-02,9.562500000000000000e+00,-1.318750000000000000e+01,-6.250000000000000000e-02,-1.093750000000000000e+01,-9.562500000000000000e+00,-9.937500000000000000e+00,1.000000000000000000e+00
2.648750000000000000e+02,-6.250000000000000000e-02,-6.250000000000000000e-02,1.581250000000000000e+01,-6.250000000000000000e-02,-6.250000000000000000e-02,-1.343750000000000000e+01,-6.250000000000000000e-02,-6.250000000000000000e-02,3.222500000000000000e+02,-6.250000000000000000e-02,-6.250000000000000000e-02,1.062500000000000000e+01,-1.068750000000000000e+01,9.750000000000000000e+00,-1.081250000000000000e+01,-9.875000000000000000e+00,-1.018750000000000000e+01,1.000000000000000000e+00
2.651250000000000000e+02,-8.062500000000000000e+00,-6.250000000000000000e-02,1.581250000000000000e+01,-6.250000000000000000e-02,-6.250000000000000000e-02,-1.343750000000000000e+01,-6.250000000000000000e-02,-6.250000000000000000e-02,3.222500000000000000e+02,-6.250000000000000000e-02,-6.250000000000000000e-02,1.062500000000000000e+01,-1.068750000000000000e+01,9.750000000000000000e+00,-1.093750000000000000e+01,-6.062500000000000000e+00,-6.250000000000000000e-02,1.000000000000000000e+00
2.654375000000000000e+02,-6.250000000000000000e-02,-6.250000000000000000e-02,1.593750000000000000e+01,-6.250000000000000000e-02,-6.250000000000000000e-02,-1.343750000000000000e+01,-6.250000000000000000e-02,-6.250000000000000000e-02,3.224375000000000000e+02,-6.250000000000000000e-02,-6.250000000000000000e-02,1.475000000000000000e+01,-8.187500000000000000e+00,1.012500000000000000e+01,-1.150000000000000000e+01,-3.437500000000000000e+00,-1.025000000000000000e+01,1.000000000000000000e+00
2.656250000000000000e+02,-6.250000000000000000e-02,-6.250000000000000000e-02,1.625000000000000000e+01,-6.250000000000000000e-02,-6.250000000000000000e-02,-1.350000000000000000e+01,-6.250000000000000000e-02,-6.250000000000000000e-02,3.226875000000000000e+02,-6.250000000000000000e-02,-6.250000000000000000e-02,1.831250000000000000e+01,-6.250000000000000000e-02,-6.250000000000000000e-02,-1.218750000000000000e+01,-6.250000000000000000e-02,-6.250000000000000000e-02,1.000000000000000000e+00
2.658750000000000000e+02,-6.250000000000000000e-02,-6.250000000000000000e-02,1.537500000000000000e+01,-6.250000000000000000e-02,-6.250000000000000000e-02,-1.350000000000000000e+01,-6.250000000000000000e-02,-6.250000000000000000e-02,3.230000000000000000e+02,-6.250000000000000000e-02,-6.250000000000000000e-02,1.881250000000000000e+01,-6.250000000000000000e-02,-6.250000000000000000e-02,-1.218750000000000000e+01,-6.250000000000000000e-02,-6.250000000000000000e-02,1.000000000000000000e+00
2.660625000000000000e+02,-6.250000000000000000e-02,-6.250000000000000000e-02,1.475000000000000000e+01,-6.250000000000000000e-02,-6.250000000000000000e-02,-1.400000000000000000e+01,-6.250000000000000000e-02,-6.250000000000000000e-02,3.232500000000000000e+02,-6.250000000000000000e-02,-6.250000000000000000e-02,1.806250000000000000e+01,-6.250000000000000000e-02,-6.250000000000000000e-02,-1.250000000000000000e+01,-6.250000000000000000e-02,-6.250000000000000000e-02,1.000000000000000000e+00
2.660625000000000000e+02,-6.250000000000000000e-02,-6.250000000000000000e-02,1.475000000000000000e+01,-6.250000000000000000e-02,-6.250000000000000000e-02,-1.400000000000000000e+01,-6.250000000000000000e-02,-6.250000000000000000e-02,3.232500000000000000e+02,-6.250000000000000000e-02,-6.250000000000000000e-02,1.743750000000000000e+01,-6.250000000000000000e-02,-6.250000000000000000e-02,-1.325000000000000000e+01,-6.250000000000000000e-02,-6.250000000000000000e-02,1.000000000000000000e+00
2.662500000000000000e+02,-6.250000000000000000e-02,-6.250000000000000000e-02,1.418750000000000000e+01,-6.250000000000000000e-02,-6.250000000000000000e-02,-1.418750000000000000e+01,-6.250000000000000000e-02,-6.250000000000000000e-02,3.235000000000000000e+02,-6.250000000000000000e-02,-6.250000000000000000e-02,1.743750000000000000e+01,-6.250000000000000000e-02,-6.250000000000000000e-02,-1.325000000000000000e+01,-6.250000000000000000e-02,-6.250000000000000000e-02,1.000000000000000000e+00
2.664375000000000000e+02,-6.250000000000000000e-02,-6.250000000000000000e-02,1.087500000000000000e+01,-6.250000000000000000e-02,-6.250000000000000000e-02,-1.287500000000000000e+01,-6.250000000000000000e-02,-6.250000000000000000e-02,3.236250000000000000e+02,-6.250000000000000000e-02,-6.250000000000000000e-02,1.131250000000000000e+01,-6.250000000000000000e-02,-6.250000000000000000e-02,-1.231250000000000000e+01,-6.250000000000000000e-02,-6.250000000000000000e-02,9.609999999999999654e-01
2.665000000000000000e+02,-6.250000000000000000e-02,-6.250000000000000000e-02,6.625000000000000000e+00,-6.250000000000000000e-02,-6.250000000000000000e-02,-1.325000000000000000e+01,-6.250000000000000000e-02,-6.250000000000000000e-02,3.236875000000000000e+02,-6.250000000000000000e-02,-6.250000000000000000e-02,6.062500000000000000e+00,-6.250000000000000000e-02,-6.250000000000000000e-02,-1.200000000000000000e+01,2.500000000000000000e+00,-1.062500000000000000e+01,9.549999999999999600e-01
2.665000000000000000e+02,-6.250000000000000000e-02,-6.250000000000000000e-02,6.625000000000000000e+00,-6.250000000000000000e-02,-6.250000000000000000e-02,-1.425000000000000000e+01,-6.250000000000000000e-02,-6.250000000000000000e-02,3.236250000000000000e+02,-6.250000000000000000e-02,-6.250000000000000000e-02,2.375000000000000000e+00,-6.250000000000000000e-02,-6.250000000000000000e-02,-1.262500000000000000e+01,-6.250000000000000000e-02,-6.250000000000000000e-02,9.389999999999999458e-01
2.665000000000000000e+02,-6.250000000000000000e-02,-6.250000000000000000e-02,4.437500000000000000e+00,-6.250000000000000000e-02,-6.250000000000000000e-02,-1.425000000000000000e+01,-6.250000000000000000e-02,-6.250000000000000000e-02,3.236250000000000000e+02,-6.250000000000000000e-02,-6.250000000000000000e-02,2.375000000000000000e+00,-6.250000000000000000e-02,-6.250000000000000000e-02,-1.325000000000000000e+01,-6.250000000000000000e-02,-6.250000000000000000e-02,9.499999999999999556e-01
2.664375000000000000e+02,-6.250000000000000000e-02,-6.250000000000000000e-02,3.312500000000000000e+00,1.687500000000000000e+00,-6.250000000000000000e-02,-1.500000000000000000e+01,-6.250000000000000000e-02,-6.250000000000000000e-02,3.236250000000000000e+02,-8.062500000000000000e+00,-6.250000000000000000e-02,1.875000000000000000e+00,-6.250000000000000000e-02,-6.250000000000000000e-02,-1.325000000000000000e+01,-6.250000000000000000e-02,-6.250000000000000000e-02,9.649999999999999689e-01
2.664375000000000000e+02,-6.250000000000000000e-02,-6.250000000000000000e-02,2.562500000000000000e+00,4.500000000000000000e+00,-6.250000000000000000e-02,-1.725000000000000000e+01,-1.875000000000000000e+00,-1.256250000000000000e+01,3.235625000000000000e+02,-6.250000000000000000e-02,-6.250000000000000000e-02,1.750000000000000000e+00,-6.250000000000000000e-02,-6.250000000000000000e-02,-1.468750000000000000e+01,-6.250000000000000000e-02,-6.250000000000000000e-02,9.909999999999999920e-01
2.664375000000000000e+02,-6.250000000000000000e-02,-6.250000000000000000e-02,2.562500000000000000e+00,4.500000000000000000e+00,-6.250000000000000000e-02,-1.725000000000000000e+01,-1.875000000000000000e+00,-1.256250000000000000e+01,3.235625000000000000e+02,-6.250000000000000000e-02,-6.250000000000000000e-02,1.750000000000000000e+00,-6.250000000000000000e-02,-6.250000000000000000e-02,-1.581250000000000000e+01,-6.250000000000000000e-02,-6.250000000000000000e-02,1.000000000000000000e+00
2.664375000000000000e+02,-6.250000000000000000e-02,-6.250000000000000000e-02,2.687500000000000000e+00,7.812500000000000000e+00,-6.250000000000000000e-02,-1.768750000000000000e+01,-2.625000000000000000e+00,-1.175000000000000000e+01,3.235625000000000000e+02,-6.250000000000000000e-02,-6.250000000000000000e-02,2.187500000000000000e+00,1.500000000000000000e+00,5.750000000000000000e+00,-1.731250000000000000e+01,-1.812500000000000000e+00,-1.550000000000000000e+01,1.000000000000000000e+00
2.664375000000000000e+02,-6.250000000000000000e-02,-6.250000000000000000e-02,3.375000000000000000e+00,-6.250000000000000000e-02,-6.250000000000000000e-02,-1.787500000000000000e+01,-2.875000000000000000e+00,-1.125000000000000000e+01,3.235625000000000000e+02,-6.250000000000000000e-02,-6.250000000000000000e-02,2.437500000000000000e+00,4.937500000000000000e+00,5.250000000000000000e+00,-1.700000000000000000e+01,-1.187500000000000000e+00,-1.043750000000000000e+01,1.000000000000000000e+00
2.663750000000000000e+02,-6.250000000000000000e-02,-6.250000000000000000e-02,1.875000000000000000e+00,-6.250000000000000000e-02,-6.250000000000000000e-02,-1.606250000000000000e+01,-1.750000000000000000e+00,-1.125000000000000000e+01,3.236250000000000000e+02,-6.250000000000000000e-02,-6.250000000000000000e-02,4.000000000000000000e+00,-6.250000000000000000e-02,-6.250000000000000000e-02,-1.700000000000000000e+01,-1.187500000000000000e+00,-1.043750000000000000e+01,1.000000000000000000e+00
2.663125000000000000e+02,-6.250000000000000000e-02,-6.250000000000000000e-02,-4.375000000000000000e-01,9.562500000000000000e+00,-6.250000000000000000e-02,-1.481250000000000000e+01,-6.250000000000000000e-02,-6.250000000000000000e-02,3.236250000000000000e+02,-6.250000000000000000e-02,-6.250000000000000000e-02,3.500000000000000000e+00,-6.250000000000000000e-02,-6.250000000000000000e-02,-1.543750000000000000e+01,-6.250000000000000000e-02,-6.250000000000000000e-02,1.000000000000000000e+00
2.663125000000000000e+02,-6.250000000000000000e-02,-6.250000000000000000e-02,-4.375000000000000000e-01,9.562500000000000000e+00,-6.250000000000000000e-02,-1.481250000000000000e+01,-6.250000000000000000e-02,-6.250000000000000000e-02,3.236250000000000000e+02,-6.250000000000000000e-02,-6.250000000000000000e-02,2.875000000000000000e+00,7.437500000000000000e+00,4.062500000000000000e+00,-1.287500000000000000e+01,-6.250000000000000000e-02,-6.250000000000000000e-02,1.000000000000000000e+00
2.662500000000000000e+02,-6.250000000000000000e-02,-6.250000000000000000e-02,1.125000000000000000e+00,7.125000000000000000e+00,-6.250000000000000000e-02,-1.325000000000000000e+01,-6.250000000000000000e-02,-6.250000000000000000e-02,3.236875000000000000e+02,-6.250000000000000000e-02,-6.250000000000000000e-02,2.875000000000000000e+00,7.437500000000000000e+00,4.062500000000000000e+00,-1.237500000000000000e+01,-6.250000000000000000e-02,-6.250000000000000000e-02,1.000000000000000000e+00
2.662500000000000000e+02,-6.250000000000000000e-02,-6.250000000000000000e-02,2.875000000000000000e+00,6.562500000000000000e+00,-6.250000000000000000e-02,-1.275000000000000000e+01,-6.250000000000000000e-02,-6.250000000000000000e-02,3.236875000000000000e+02,-6.250000000000000000e-02,-6.250000000000000000e-02,3.625000000000000000e+00,-6.250000000000000000e-02,-6.250000000000000000e-02,-1.237500000000000000e+01,-6.250000000000000000e-02,-6.250000000000000000e-02,1.000000000000000000e+00
2.662500000000000000e+02,-6.250000000000000000e-02,-6.250000000000000000e-02,4.125000000000000000e+00,7.500000000000000000e+00,7.375000000000000000e+00,-1.387500000000000000e+01,-6.250000000000000000e-02,-6.250000000000000000e-02,3.237500000000000000e+02,-6.250000000000000000e-02,-6.250000000000000000e-02,4.187500000000000000e+00,-6.250000000000000000e-02,-6.250000000000000000e-02,-1.368750000000000000e+01,-6.250000000000000000e-02,-6.250000000000000000e-02,1.000000000000000000e+00
2.662500000000000000e+02,-6.250000000000000000e-02,-6.250000000000000000e-02,4.125000000000000000e+00,7.500000000000000000e+00,7.375000000000000000e+00,-1.543750000000000000e+01,-6.250000000000000000e-02,-6.250000000000000000e-02,3.238750000000000000e+02,-6.250000000000000000e-02,-6.250000000000000000e-02,6.125000000000000000e+00,-6.250000000000000000e-02,-6.250000000000000000e-02,-1.593750000000000000e+01,-6.250000000000000000e-02,-6.250000000000000000e-02,1.000000000000000000e+00
2.663750000000000000e+02,-6.250000000000000000e-02,-6.250000000000000000e-02,9.000000000000000000e+00,-6.250000000000000000e-02,-6.250000000000000000e-02,-1.543750000000000000e+01,-6.250000000000000000e-02,-6.250000000000000000e-02,3.238750000000000000e+02,-6.250000000000000000e-02,-6.250000000000000000e-02,6.125000000000000000e+00,-6.250000000000000000e-02,-6.250000000000000000e-02,-1.593750000000000000e+01,-6.250000000000000000e-02,-6.250000000000000000e-02,1.000000000000000000e+00
2.666250000000000000e+02,-6.250000000000000000e-02,-6.250000000000000000e-02,1.400000000000000000e+01,-6.250000000000000000e-02,-6.250000000000000000e-02,-1.662500000000000000e+01,-6.250000000000000000e-02,-1.306250000000000000e+01,3.240000000000000000e+02,-6.250000000000000000e-02,-6.250000000000000000e-02,9.750000000000000000e+00,1.756250000000000000e+01,3.000000000000000000e+00,-1.787500000000000000e+01,-2.437500000000000000e+00,-1.681250000000000000e+01,1.000000000000000000e+00
2.666250000000000000e+02,-6.250000000000000000e-02,-6.250000000000000000e-02,1.400000000000000000e+01,-6.250000000000000000e-02,-6.250000000000000000e-02,-1.756250000000000000e+01,-1.312500000000000000e+00,-1.225000000000000000e+01,3.242500000000000000e+02,-6.250000000000000000e-02,-6.250000000000000000e-02,1.281250000000000000e+01,2.031250000000000000e+01,2.375000000000000000e+00,-1.637500000000000000e+01,-2.562500000000000000e+00,-1.581250000000000000e+01,1.000000000000000000e+00
2.670000000000000000e+02,-6.250000000000000000e-02,-6.250000000000000000e-02,1.825000000000000000e+01,-6.250000000000000000e-02,-6.250000000000000000e-02,-1.756250000000000000e+01,-1.312500000000000000e+00,-1.225000000000000000e+01,3.242500000000000000e+02,-6.250000000000000000e-02,-6.250000000000000000e-02,1.281250000000000000e+01,2.031250000000000000e+01,2.375000000000000000e+00,-1.531250000000000000e+01,-6.250000000000000000e-02,-6.250000000000000000e-02,1.000000000000000000e+00
2.674375000000000000e+02,-6.250000000000000000e-02,-6.250000000000000000e-02,1.950000000000000000e+01,1.800000000000000000e+01,8.750000000000000000e-01,-1.625000000000000000e+01,-1.562500000000000000e+00,-1.218750000000000000e+01,3.245625000000000000e+02,-6.250000000000000000e-02,-6.250000000000000000e-02,1.443750000000000000e+01,2.231250000000000000e+01,2.562500000000000000e+00,-1.237500000000000000e+01,-6.250000000000000000e-02,-6.250000000000000000e-02,1.000000000000000000e+00
2.677500000000000000e+02,-6.250000000000000000e-02,-6.250000000000000000e-02,1.618750000000000000e+01,1.931250000000000000e+01,-6.250000000000000000e-02,-1.387500000000000000e+01,-6.250000000000000000e-02,-6.250000000000000000e-02,3.248750000000000000e+02,-6.250000000000000000e-02,-6.250000000000000000e-02,1.612500000000000000e+01,2.268750000000000000e+01,2.250000000000000000e+00,-1.237500000000000000e+01,-6.250000000000000000e-02,-6.250000000000000000e-02,1.000000000000000000e+00
2.681875000000000000e+02,-6.250000000000000000e-02,-6.250000000000000000e-02,1.887500000000000000e+01,1.837500000000000000e+01,-6.250000000000000000e-02,-1.112500000000000000e+01,-2.687500000000000000e+00,-9.000000000000000000e+00,3.252500000000000000e+02,-6.250000000000000000e-02,-6.250000000000000000e-02,1.662500000000000000e+01,2.268750000000000000e+01,1.375000000000000000e+00,-6.625000000000000000e+00,-6.250000000000000000e-02,-6.250000000000000000e-02,1.000000000000000000e+00
2.681875000000000000e+02,-6.250000000000000000e-02,-6.250000000000000000e-02,2.250000000000000000e+01,1.668750000000000000e+01,-6.250000000000000000e-02,-6.687500000000000000e+00,-6.250000000000000000e-02,-6.250000000000000000e-02,3.255000000000000000e+02,-6.250000000000000000e-02,-6.250000000000000000e-02,1.443750000000000000e+01,1.750000000000000000e+01,1.312500000000000000e+00,2.040875000000000000e+03,-6.250000000000000000e-02,-6.250000000000000000e-02,1.000000000000000000e+00
2.686875000000000000e+02,-6.250000000000000000e-02,-6.250000000000000000e-02,2.250000000000000000e+01,1.668750000000000000e+01,-6.250000000000000000e-02,-6.687500000000000000e+00,-6.250000000000000000e-02,-6.250000000000000000e-02,3.255000000000000000e+02,-6.250000000000000000e-02,-6.250000000000000000e-02,1.443750000000000000e+01,1.750000000000000000e+01,1.312500000000000000e+00,-5.562500000000000000e+00,-6.250000000000000000e-02,-6.250000000000000000e-02,1.000000000000000000e+00
2.691875000000000000e+02,-6.250000000000000000e-02,-6.250000000000000000e-02,2.150000000000000000e+01,-6.250000000000000000e-02,-6.250000000000000000e-02,-6.250000000000000000e+00,-6.250000000000000000e-02,-6.250000000000000000e-02,3.257500000000000000e+02,-6.250000000000000000e-02,-6.250000000000000000e-02,1.225000000000000000e+01,1.675000000000000000e+01,7.500000000000000000e-01,-5.562500000000000000e+00,-6.250000000000000000e-02,-6.250000000000000000e-02,1.000000000000000000e+00
2.696250000000000000e+02,-6.250000000000000000e-02,-6.250000000000000000e-02,2.125000000000000000e+01,-6.250000000000000000e-02,-6.250000000000000000e-02,-6.187500000000000000e+00,-6.250000000000000000e-02,-6.250000000000000000e-02,3.260625000000000000e+02,-6.250000000000000000e-02,-6.250000000000000000e-02,1.218750000000000000e+01,1.818750000000000000e+01,3.125000000000000000e-01,-5.875000000000000000e+00,-6.250000000000000000e-02,-6.250000000000000000e-02,1.000000000000000000e+00
2.700625000000000000e+02,-6.250000000000000000e-02,-6.250000000000000000e-02,1.893750000000000000e+01,-6.250000000000000000e-02,-6.250000000000000000e-02,-6.812500000000000000e+00,-6.250000000000000000e-02,-6.250000000000000000e-02,3.263125000000000000e+02,-6.250000000000000000e-02,-6.250000000000000000e-02,1.256250000000000000e+01,1.818750000000000000e+01,-6.250000000000000000e-02,-7.125000000000000000e+00,-6.250000000000000000e-02,-6.250000000000000000e-02,1.000000000000000000e+00
2.704375000000000000e+02,-6.250000000000000000e-02,-6.250000000000000000e-02,1.725000000000000000e+01,-6.250000000000000000e-02,-6.250000000000000000e-02,-6.562500000000000000e+00,-6.250000000000000000e-02,-6.250000000000000000e-02,-1.721375000000000000e+03,-6.250000000000000000e-02,-6.250000000000000000e-02,1.406250000000000000e+01,1.937500000000000000e+01,-6.250000000000000000e-02,-6.562500000000000000e+00,-6.250000000000000000e-02,-6.250000000000000000e-02,1.000000000000000000e+00
2.704375000000000000e+02,-6.250000000000000000e-02,-6.250000000000000000e-02,1.725000000000000000e+01,-6.250000000000000000e-02,-6.250000000000000000e-02,-5.562500000000000000e+00,-6.250000000000000000e-02,-6.250000000000000000e-02,3.269375000000000000e+02,-6.250000000000000000e-02,-6.250000000000000000e-02,1.337500000000000000e+01,2.025000000000000000e+01,-6.250000000000000000e-02,-3.937500000000000000e+00,2.500000000000000000e-01,-6.250000000000000000e-02,1.000000000000000000e+00
2.708125000000000000e+02,-6.250000000000000000e-02,-6.250000000000000000e-02,1.468750000000000000e+01,1.625000000000000000e+01,-6.250000000000000000e-02,-5.562500000000000000e+00,-6.250000000000000000e-02,-6.250000000000000000e-02,3.269375000000000000e+02,-6.250000000000000000e-02,-6.250000000000000000e-02,1.093750000000000000e+01,1.987500000000000000e+01,-6.250000000000000000e-02,-1.375000000000000000e+00,-3.125000000000000000e-01,-1.125000000000000000e+00,1.000000000000000000e+00
2.710000000000000000e+02,-6.250000000000000000e-02,-6.250000000000000000e-02,9.750000000000000000e+00,1.700000000000000000e+01,-6.250000000000000000e-02,-4.562500000000000000e+00,-6.250000000000000000e-02,-6.250000000000000000e-02,3.271875000000000000e+02,-6.250000000000000000e-02,-6.250000000000000000e-02,6.312500000000000000e+00,1.600000000000000000e+01,-6.250000000000000000e-02,-5.000000000000000000e-01,-1.625000000000000000e+00,-1.250000000000000000e+00,1.000000000000000000e+00
2.711250000000000000e+02,-6.250000000000000000e-02,-6.250000000000000000e-02,2.187500000000000000e+00,1.800000000000000000e+01,-6.250000000000000000e-02,-1.125000000000000000e+00,-2.875000000000000000e+00,-1.875000000000000000e+00,3.273750000000000000e+02,-6.250000000000000000e-02,-6.250000000000000000e-02,6.312500000000000000e+00,1.600000000000000000e+01,-6.250000000000000000e-02,1.000000000000000000e+00,-6.250000000000000000e-02,-6.250000000000000000e-02,1.000000000000000000e+00
2.711875000000000000e+02,-6.250000000000000000e-02,-6.250000000000000000e-02,-2.500000000000000000e-01,1.787500000000000000e+01,3.750000000000000000e-01,3.125000000000000000e-01,-6.250000000000000000e-02,-6.250000000000000000e-02,3.274375000000000000e+02,-6.250000000000000000e-02,-6.250000000000000000e-02,1.937500000000000000e+00,-6.250000000000000000e-02,-6.250000000000000000e-02,1.812500000000000000e+00,-6.250000000000000000e-02,-6.250000000000000000e-02,1.000000000000000000e+00
2.711875000000000000e+02,-6.250000000000000000e-02,-6.250000000000000000e-02,-7.500000000000000000e-01,1.743750000000000000e+01,1.000000000000000000e+00,1.312500000000000000e+00,-6.250000000000000000e-02,-6.250000000000000000e-02,3.275000000000000000e+02,-6.250000000000000000e-02,-6.250000000000000000e-02,-2.500000000000000000e-01,1.550000000000000000e+01,-6.250000000000000000e-02,1.812500000000000000e+00,-6.250000000000000000e-02,-6.250000000000000000e-02,1.000000000000000000e+00
2.711250000000000000e+02,-6.250000000000000000e-02,-6.250000000000000000e-02,-2.500000000000000000e+00,1.743750000000000000e+01,1.687500000000000000e+00,2.625000000000000000e+00,-6.250000000000000000e-02,-6.250000000000000000e-02,3.274375000000000000e+02,-6.250000000000000000e-02,-6.250000000000000000e-02,-2.062500000000000000e+00,1.606250000000000000e+01,2.500000000000000000e-01,2.187500000000000000e+00,-6.250000000000000000e-02,-6.250000000000000000e-02,1.000000000000000000e+00
2.711250000000000000e+02,-6.250000000000000000e-02,-6.250000000000000000e-02,-2.500000000000000000e+00,1.743750000000000000e+01,1.687500000000000000e+00,2.625000000000000000e+00,-6.250000000000000000e-02,-6.250000000000000000e-02,3.273750000000000000e+02,-6.250000000000000000e-02,-6.250000000000000000e-02,-5.250000000000000000e+00,-6.250000000000000000e-02,-6.250000000000000000e-02,1.875000000000000000e+00,-6.250000000000000000e-02,-6.250000000000000000e-02,1.000000000000000000e+00
2.710625000000000000e+02,-6.250000000000000000e-02,-6.250000000000000000e-02,-4.687500000000000000e+00,-6.250000000000000000e-02,-6.250000000000000000e-02,2.437500000000000000e+00,-6.250000000000000000e-02,-6.250000000000000000e-02,3.273750000000000000e+02,-6.250000000000000000e-02,-6.250000000000000000e-02,-5.250000000000000000e+00,-6.250000000000000000e-02,-6.250000000000000000e-02,1.875000000000000000e+00,-6.250000000000000000e-02,-6.250000000000000000e-02,1.000000000000000000e+00
2.710000000000000000e+02,-6.250000000000000000e-02,-6.250000000000000000e-02,-5.375000000000000000e+00,-6.250000000000000000e-02,-6.250000000000000000e-02,2.437500000000000000e+00,-6.250000000000000000e-02,-6.250000000000000000e-02,3.272500000000000000e+02,-6.250000000000000000e-02,-6.250000000000000000e-02,-7.937500000000000000e+00,-6.250000000000000000e-02,-6.250000000000000000e-02,1.875000000000000000e+00,-6.250000000000000000e-02,-6.250000000000000000e-02,1.000000000000000000e+00
2.708750000000000000e+02,-6.250000000000000000e-02,-6.250000000000000000e-02,-6.500000000000000000e+00,-6.250000000000000000e-02,-6.250000000000000000e-02,1.875000000000000000e+00,-6.250000000000000000e-02,-6.250000000000000000e-02,3.270625000000000000e+02,-6.250000000000000000e-02,-6.250000000000000000e-02,-9.187500000000000000e+00,1.631250000000000000e+01,1.125000000000000000e+00,2.125000000000000000e+00,-6.250000000000000000e-02,-6.250000000000000000e-02,1.000000000000000000e+00
2.707500000000000000e+02,-6.250000000000000000e-02,-6.250000000000000000e-02,-7.750000000000000000e+00,-6.250000000000000000e-02,-6.250000000000000000e-02,1.062500000000000000e+00,-6.250000000000000000e-02,-6.250000000000000000e-02,3.268125000000000000e+02,-6.250000000000000000e-02,-6.250000000000000000e-02,-1.012500000000000000e+01,1.581250000000000000e+01,1.812500000000000000e+00,1.812500000000000000e+00,-6.250000000000000000e-02,-6.250000000000000000e-02,1.000000000000000000e+00
2.707500000000000000e+02,-6.250000000000000000e-02,-6.250000000000000000e-02,-7.750000000000000000e+00,-6.250000000000000000e-02,-6.250000000000000000e-02,6.875000000000000000e-01,-6.250000000000000000e-02,-6.250000000000000000e-02,3.266250000000000000e+02,-6.250000000000000000e-02,-6.250000000000000000e-02,-1.068750000000000000e+01,1.568750000000000000e+01,2.187500000000000000e+00,1.687500000000000000e+00,-6.250000000000000000e-02,-6.250000000000000000e-02,1.000000000000000000e+00
2.705625000000000000e+02,-6.250000000000000000e-02,-6.250000000000000000e-02,-9.312500000000000000e+00,1.656250000000000000e+01,1.875000000000000000e+00,6.875000000000000000e-01,-6.250000000000000000e-02,-6.250000000000000000e-02,3.266250000000000000e+02,-6.250000000000000000e-02,-6.250000000000000000e-02,-1.068750000000000000e+01,1.568750000000000000e+01,2.187500000000000000e+00,1.437500000000000000e+00,1.250000000000000000e-01,9.375000000000000000e-01,1.000000000000000000e+00
2.703750000000000000e+02,-6.250000000000000000e-02,-6.250000000000000000e-02,-1.018750000000000000e+01,1.731250000000000000e+01,1.750000000000000000e+00,5.000000000000000000e-01,0.000000000000000000e+00,-6.250000000000000000e-02,3.263750000000000000e+02,-6.250000000000000000e-02,-6.250000000000000000e-02,-1.037500000000000000e+01,1.487500000000000000e+01,2.187500000000000000e+00,1.437500000000000000e+00,1.250000000000000000e-01,9.375000000000000000e-01,1.000000000000000000e+00
2.701875000000000000e+02,-6.250000000000000000e-02,-6.250000000000000000e-02,-1.087500000000000000e+01,1.768750000000000000e+01,1.562500000000000000e+00,0.000000000000000000e+00,7.500000000000000000e-01,0.000000000000000000e+00,3.261875000000000000e+02,-6.250000000000000000e-02,-6.250000000000000000e-02,-8.937500000000000000e+00,1.437500000000000000e+01,1.750000000000000000e+00,6.875000000000000000e-01,2.500000000000000000e-01,8.750000000000000000e-01,1.000000000000000000e+00
2.700000000000000000e+02,-6.250000000000000000e-02,-6.250000000000000000e-02,-1.062500000000000000e+01,1.812500000000000000e+01,1.500000000000000000e+00,-3.750000000000000000e-01,1.000000000000000000e+00,-6.250000000000000000e-02,3.260000000000000000e+02,-6.250000000000000000e-02,-6.250000000000000000e-02,-8.375000000000000000e+00,1.475000000000000000e+01,7.500000000000000000e-01,-1.875000000000000000e-01,6.250000000000000000e-02,-6.250000000000000000e-02,1.000000000000000000e+00
2.700000000000000000e+02,-6.250000000000000000e-02,-6.250000000000000000e-02,-9.812500000000000000e+00,1.931250000000000000e+01,1.375000000000000000e+00,-1.375000000000000000e+00,9.375000000000000000e-01,-6.250000000000000000e-02,3.258125000000000000e+02,-6.250000000000000000e-02,-6.250000000000000000e-02,-9.437500000000000000e+00,1.631250000000000000e+01,3.125000000000000000e-01,-2.625000000000000000e+00,-2.500000000000000000e-01,-2.750000000000000000e+00,1.000000000000000000e+00
2.698125000000000000e+02,-6.250000000000000000e-02,-6.250000000000000000e-02,-9.812500000000000000e+00,2.068750000000000000e+01,1.000000000000000000e+00,-2.500000000000000000e+00,1.187500000000000000e+00,-6.250000000000000000e-02,3.256250000000000000e+02,-6.250000000000000000e-02,-6.250000000000000000e-02,-1.006250000000000000e+01,1.850000000000000000e+01,1.875000000000000000e-01,-4.125000000000000000e+00,-6.250000000000000000e-02,-6.250000000000000000e-02,1.000000000000000000e+00
2.696250000000000000e+02,-6.250000000000000000e-02,-6.250000000000000000e-02,-9.812500000000000000e+00,2.068750000000000000e+01,1.000000000000000000e+00,-2.500000000000000000e+00,1.187500000000000000e+00,-6.250000000000000000e-02,3.256250000000000000e+02,-6.250000000000000000e-02,-6.250000000000000000e-02,-1.006250000000000000e+01,1.850000000000000000e+01,1.875000000000000000e-01,-5.687500000000000000e+00,-6.250000000000000000e-02,-6.250000000000000000e-02,1.000000000000000000e+00
2.694375000000000000e+02,-6.250000000000000000e-02,-6.250000000000000000e-02,-1.037500000000000000e+01,2.237500000000000000e+01,8.750000000000000000e-01,2.042500000000000000e+03,-6.250000000000000000e-02,-6.250000000000000000e-02,3.254375000000000000e+02,-1.587500000000000000e+01,-6.250000000000000000e-02,-1.006250000000000000e+01,2.025000000000000000e+01,1.875000000000000000e-01,-5.687500000000000000e+00,-6.250000000000000000e-02,-6.250000000000000000e-02,1.000000000000000000e+00
2.693125000000000000e+02,-1.593750000000000000e+01,-6.250000000000000000e-02,-9.437500000000000000e+00,2.450000000000000000e+01,7.500000000000000000e-01,-6.625000000000000000e+00,-6.250000000000000000e-02,-6.250000000000000000e-02,3.252500000000000000e+02,-1.562500000000000000e+01,-6.250000000000000000e-02,-9.750000000000000000e+00,2.268750000000000000e+01,3.750000000000000000e-01,-6.437500000000000000e+00,-6.250000000000000000e-02,-6.250000000000000000e-02,1.000000000000000000e+00
2.693125000000000000e+02,-1.593750000000000000e+01,-6.250000000000000000e-02,-7.437500000000000000e+00,-6.250000000000000000e-02,-6.250000000000000000e-02,-7.250000000000000000e+00,-6.250000000000000000e-02,-6.250000000000000000e-02,3.250625000000000000e+02,-1.537500000000000000e+01,-6.250000000000000000e-02,-8.812500000000000000e+00,2.462500000000000000e+01,3.125000000000000000e-01,-6.937500000000000000e+00,-6.250000000000000000e-02,-6.250000000000000000e-02,1.000000000000000000e+00
2.691875000000000000e+02,-1.562500000000000000e+01,-6.250000000000000000e-02,-7.437500000000000000e+00,-6.250000000000000000e-02,-6.250000000000000000e-02,-7.250000000000000000e+00,-6.250000000000000000e-02,-6.250000000000000000e-02,3.249375000000000000e+02,-1.512500000000000000e+01,-6.250000000000000000e-02,-8.000000000000000000e+00,-6.250000000000000000e-02,-6.250000000000000000e-02,-7.625000000000000000e+00,-6.250000000000000000e-02,-6.250000000000000000e-02,1.000000000000000000e+00
2.691250000000000000e+02,-1.537500000000000000e+01,-6.250000000000000000e-02,-5.312500000000000000e+00,-6.250000000000000000e-02,-6.250000000000000000e-02,-8.687500000000000000e+00,8.750000000000000000e-01,-6.250000000000000000e-02,3.248125000000000000e+02,-1.487500000000000000e+01,-6.250000000000000000e-02,-7.062500000000000000e+00,-6.250000000000000000e-02,-6.250000000000000000e-02,-8.500000000000000000e+00,-1.000000000000000000e+00,-9.000000000000000000e+00,1.000000000000000000e+00
2.691250000000000000e+02,-1.506250000000000000e+01,-6.250000000000000000e-02,-4.187500000000000000e+00,-6.250000000000000000e-02,-6.250000000000000000e-02,-9.875000000000000000e+00,9.375000000000000000e-01,-6.250000000000000000e-02,3.246875000000000000e+02,-1.456250000000000000e+01,-6.250000000000000000e-02,-5.687500000000000000e+00,-6.250000000000000000e-02,-6.250000000000000000e-02,-1.075000000000000000e+01,-1.875000000000000000e-01,-1.206250000000000000e+01,1.000000000000000000e+00
2.691875000000000000e+02,-1.468750000000000000e+01,-6.250000000000000000e-02,-2.312500000000000000e+00,3.606250000000000000e+01,-6.250000000000000000e-02,-9.875000000000000000e+00,9.375000000000000000e-01,-6.250000000000000000e-02,3.246875000000000000e+02,-1.456250000000000000e+01,-6.250000000000000000e-02,-4.312500000000000000e+00,-6.250000000000000000e-02,-6.250000000000000000e-02,-1.131250000000000000e+01,6.250000000000000000e-02,-1.268750000000000000e+01,1.000000000000000000e+00
2.692500000000000000e+02,-1.431250000000000000e+01,-6.250000000000000000e-02,-5.625000000000000000e-01,3.856250000000000000e+01,0.000000000000000000e+00,-1.093750000000000000e+01,6.250000000000000000e-01,-6.250000000000000000e-02,3.246250000000000000e+02,-1.425000000000000000e+01,-6.250000000000000000e-02,-4.312500000000000000e+00,-6.250000000000000000e-02,-6.250000000000000000e-02,-1.225000000000000000e+01,-6.250000000000000000e-02,-6.250000000000000000e-02,1.000000000000000000e+00
2.693750000000000000e+02,-1.393750000000000000e+01,-6.250000000000000000e-02,1.500000000000000000e+00,-6.250000000000000000e-02,-6.250000000000000000e-02,-1.256250000000000000e+01,-6.250000000000000000e-02,-6.250000000000000000e-02,3.246250000000000000e+02,-1.387500000000000000e+01,-6.250000000000000000e-02,-3.750000000000000000e+00,3.956250000000000000e+01,5.625000000000000000e-01,-1.281250000000000000e+01,-6.250000000000000000e-02,-6.250000000000000000e-02,1.000000000000000000e+00
2.695625000000000000e+02,-1.350000000000000000e+01,-6.250000000000000000e-02,2.500000000000000000e+00,-6.250000000000000000e-02,-6.250000000000000000e-02,-1.281250000000000000e+01,-6.250000000000000000e-02,-6.250000000000000000e-02,3.245625000000000000e+02,-1.343750000000000000e+01,-6.250000000000000000e-02,-4.250000000000000000e+00,-6.250000000000000000e-02,-6.250000000000000000e-02,-1.312500000000000000e+01,-6.250000000000000000e-02,-6.250000000000000000e-02,1.000000000000000000e+00
2.697500000000000000e+02,-1.306250000000000000e+01,-6.250000000000000000e-02,4.937500000000000000e+00,-6.250000000000000000e-02,-6.250000000000000000e-02,-1.287500000000000000e+01,-6.250000000000000000e-02,-6.250000000000000000e-02,3.245000000000000000e+02,-1.293750000000000000e+01,-6.250000000000000000e-02,-4.250000000000000000e+00,-6.250000000000000000e-02,-6.250000000000000000e-02,-1.312500000000000000e+01,-6.250000000000000000e-02,-6.250000000000000000e-02,1.000000000000000000e+00
2.573125000000000000e+02,-1.256250000000000000e+01,-6.250000000000000000e-02,6.437500000000000000e+00,4.837500000000000000e+01,-6.250000000000000000e-02,-1.325000000000000000e+01,-6.250000000000000000e-02,-6.250000000000000000e-02,3.194375000000000000e+02,-1.237500000000000000e+01,-6.250000000000000000e-02,-6.187500000000000000e+00,-6.250000000000000000e-02,-6.250000000000000000e-02,-1.368750000000000000e+01,-6.250000000000000000e-02,-6.250000000000000000e-02,1.000000000000000000e+00
2.573125000000000000e+02,-1.256250000000000000e+01,-6.250000000000000000e-02,6.062500000000000000e+00,5.206250000000000000e+01,-6.250000000000000000e-02,-1.293750000000000000e+01,-6.250000000000000000e-02,-6.250000000000000000e-02,3.193750000000000000e+02,-4.381250000000000000e+01,1.776250000000000000e+02,-9.250000000000000000e+00,6.237500000000000000e+01,3.125000000000000000e-01,-1.337500000000000000e+01,-6.250000000000000000e-02,-6.250000000000000000e-02,1.000000000000000000e+00
2.573125000000000000e+02,-1.206250000000000000e+01,-6.250000000000000000e-02,6.062500000000000000e+00,5.206250000000000000e+01,-6.250000000000000000e-02,-1.137500000000000000e+01,1.562500000000000000e+00,-1.043750000000000000e+01,3.193750000000000000e+02,-4.312500000000000000e+01,1.778125000000000000e+02,-1.131250000000000000e+01,6.656250000000000000e+01,8.750000000000000000e-01,-1.193750000000000000e+01,5.000000000000000000e-01,-1.137500000000000000e+01,1.000000000000000000e+00
2.573750000000000000e+02,-4.356250000000000000e+01,1.736250000000000000e+02,3.687500000000000000e+00,-6.250000000000000000e-02,-6.250000000000000000e-02,-1.137500000000000000e+01,1.562500000000000000e+00,-1.043750000000000000e+01,3.193750000000000000e+02,-4.243750000000000000e+01,1.779375000000000000e+02,-1.218750000000000000e+01,-6.250000000000000000e-02,-6.250000000000000000e-02,-1.050000000000000000e+01,9.375000000000000000e-01,-1.137500000000000000e+01,1.000000000000000000e+00
2.573750000000000000e+02,-4.293750000000000000e+01,1.736250000000000000e+02,1.937500000000000000e+00,-6.250000000000000000e-02,-6.250000000000000000e-02,-1.081250000000000000e+01,1.187500000000000000e+00,-6.250000000000000000e-02,3.193750000000000000e+02,-4.243750000000000000e+01,1.779375000000000000e+02,-1.237500000000000000e+01,-6.250000000000000000e-02,-6.250000000000000000e-02,-1.025000000000000000e+01,1.312500000000000000e+00,-9.187500000000000000e+00,1.000000000000000000e+00
2.573750000000000000e+02,-4.225000000000000000e+01,1.737500000000000000e+02,-1.375000000000000000e+00,6.718750000000000000e+01,-6.250000000000000000e-02,-1.000000000000000000e+01,9.375000000000000000e-01,-6.250000000000000000e-02,3.193125000000000000e+02,-4.175000000000000000e+01,1.780625000000000000e+02,-1.237500000000000000e+01,-6.250000000000000000e-02,-6.250000000000000000e-02,-1.025000000000000000e+01,1.312500000000000000e+00,-9.187500000000000000e+00,1.000000000000000000e+00
2.573750000000000000e+02,-4.156250000000000000e+01,1.738750000000000000e+02,-7.000000000000000000e+00,-6.250000000000000000e-02,-6.250000000000000000e-02,-8.875000000000000000e+00,1.250000000000000000e+00,-6.250000000000000000e-02,3.192500000000000000e+02,-4.100000000000000000e+01,1.782500000000000000e+02,-1.218750000000000000e+01,-6.250000000000000000e-02,-6.250000000000000000e-02,-1.393750000000000000e+01,-6.250000000000000000e-02,-6.250000000000000000e-02,1.000000000000000000e+00
2.573750000000000000e+02,-4.156250000000000000e+01,1.738750000000000000e+02,-1.231250000000000000e+01,-6.250000000000000000e-02,-6.250000000000000000e-02,-8.937500000000000000e+00,3.125000000000000000e-01,-6.250000000000000000e-02,3.192500000000000000e+02,-4.012500000000000000e+01,1.783750000000000000e+02,-1.093750000000000000e+01,8.756250000000000000e+01,-6.250000000000000000e-02,-6.937500000000000000e+00,-6.250000000000000000e-02,-6.250000000000000000e-02,1.000000000000000000e+00
2.573750000000000000e+02,-4.087500000000000000e+01,1.740625000000000000e+02,-1.231250000000000000e+01,-6.250000000000000000e-02,-6.250000000000000000e-02,-6.312500000000000000e+00,-6.250000000000000000e-02,-6.250000000000000000e-02,3.191875000000000000e+02,-6.250000000000000000e-02,-6.250000000000000000e-02,-9.562500000000000000e+00,9.037500000000000000e+01,-6.250000000000000000e-02,-9.062500000000000000e+00,-2.062500000000000000e+00,-8.812500000000000000e+00,1.000000000000000000e+00
2.573750000000000000e+02,-4.012500000000000000e+01,1.742500000000000000e+02,-1.356250000000000000e+01,-6.250000000000000000e-02,-6.250000000000000000e-02,-6.312500000000000000e+00,-6.250000000000000000e-02,-6.250000000000000000e-02,3.191875000000000000e+02,-6.250000000000000000e-02,-6.250000000000000000e-02,-9.687500000000000000e+00,9.562500000000000000e+01,-6.250000000000000000e-02,-3.125000000000000000e+00,-3.187500000000000000e+00,-5.312500000000000000e+00,1.000000000000000000e+00
2.574375000000000000e+02,-6.250000000000000000e-02,-6.250000000000000000e-02,-1.287500000000000000e+01,-6.250000000000000000e-02,-6.250000000000000000e-02,-5.937500000000000000e+00,-6.250000000000000000e-02,-6.250000000000000000e-02,3.191875000000000000e+02,-6.250000000000000000e-02,-6.250000000000000000e-02,-9.687500000000000000e+00,9.562500000000000000e+01,-6.250000000000000000e-02,-3.125000000000000000e+00,-3.187500000000000000e+00,-5.312500000000000000e+00,1.000000000000000000e+00
2.573750000000000000e+02,-6.250000000000000000e-02,-6.250000000000000000e-02,-1.356250000000000000e+01,-6.250000000000000000e-02,-6.250000000000000000e-02,-5.750000000000000000e+00,-6.250000000000000000e-02,-6.250000000000000000e-02,3.191250000000000000e+02,-6.250000000000000000e-02,-6.250000000000000000e-02,-1.275000000000000000e+01,-6.250000000000000000e-02,-6.250000000000000000e-02,-6.125000000000000000e+00,-6.250000000000000000e-02,-6.250000000000000000e-02,1.000000000000000000e+00
2.573750000000000000e+02,-6.250000000000000000e-02,-6.250000000000000000e-02,-1.356250000000000000e+01,-6.250000000000000000e-02,-6.250000000000000000e-02,-5.750000000000000000e+00,-6.250000000000000000e-02,-6.250000000000000000e-02,3.190625000000000000e+02,-6.250000000000000000e-02,-6.250000000000000000e-02,-1.462500000000000000e+01,-6.250000000000000000e-02,-6.250000000000000000e-02,-8.687500000000000000e+00,-2.750000000000000000e+00,-6.000000000000000000e+00,1.000000000000000000e+00
2.573750000000000000e+02,-6.250000000000000000e-02,-6.250000000000000000e-02,-1.356250000000000000e+01,-6.250000000000000000e-02,-6.250000000000000000e-02,-5.687500000000000000e+00,-6.250000000000000000e-02,-6.250000000000000000e-02,3.190625000000000000e+02,-6.250000000000000000e-02,-6.250000000000000000e-02,-1.462500000000000000e+01,-6.250000000000000000e-02,-6.250000000000000000e-02,-7.312500000000000000e+00,-6.250000000000000000e-02,-6.250000000000000000e-02,1.000000000000000000e+00
2.573750000000000000e+02,-6.250000000000000000e-02,-6.250000000000000000e-02,-1.268750000000000000e+01,-6.250000000000000000e-02,-6.250000000000000000e-02,-5.312500000000000000e+00,-6.250000000000000000e-02,-6.250000000000000000e-02,3.190000000000000000e+02,-6.250000000000000000e-02,-6.250000000000000000e-02,-1.312500000000000000e+01,-6.250000000000000000e-02,-6.250000000000000000e-02,-7.312500000000000000e+00,-6.250000000000000000e-02,-6.250000000000000000e-02,1.000000000000000000e+00
2.573750000000000000e+02,-6.250000000000000000e-02,-6.250000000000000000e-02,-1.281250000000000000e+01,-6.250000000000000000e-02,-6.250000000000000000e-02,-4.375000000000000000e+00,-6.250000000000000000e-02,-6.250000000000000000e-02,3.190000000000000000e+02,-6.250000000000000000e-02,-6.250000000000000000e-02,-1.287500000000000000e+01,-6.250000000000000000e-02,-6.250000000000000000e-02,-7.812500000000000000e+00,-6.250000000000000000e-02,-6.250000000000000000e-02,1.000000000000000000e+00
2.573750000000000000e+02,-6.250000000000000000e-02,-6.250000000000000000e-02,-1.281250000000000000e+01,-6.250000000000000000e-02,-6.250000000000000000e-02,-3.937500000000000000e+00,-1.562500000000000000e+00,-6.000000000000000000e+00,3.189375000000000000e+02,-6.250000000000000000e-02,-6.250000000000000000e-02,-1.281250000000000000e+01,-6.250000000000000000e-02,-6.250000000000000000e-02,0.000000000000000000e+00,-6.250000000000000000e-02,-6.250000000000000000e-02,1.000000000000000000e+00
2.573750000000000000e+02,-6.250000000000000000e-02,-6.250000000000000000e-02,-1.543750000000000000e+01,-6.250000000000000000e-02,-6.250000000000000000e-02,-3.937500000000000000e+00,-1.562500000000000000e+00,-6.000000000000000000e+00,3.189375000000000000e+02,-6.250000000000000000e-02,-6.250000000000000000e-02,-1.768750000000000000e+01,1.011250000000000000e+02,8.125000000000000000e-01,-1.187500000000000000e+00,-7.500000000000000000e-01,-6.625000000000000000e+00,1.000000000000000000e+00
2.573750000000000000e+02,-6.250000000000000000e-02,-6.250000000000000000e-02,-1.637500000000000000e+01,9.275000000000000000e+01,1.937500000000000000e+00,-1.000000000000000000e+00,-1.625000000000000000e+00,-5.250000000000000000e+00,3.188750000000000000e+02,-6.250000000000000000e-02,-6.250000000000000000e-02,-1.768750000000000000e+01,1.011250000000000000e+02,8.125000000000000000e-01,-1.187500000000000000e+00,-7.500000000000000000e-01,-6.625000000000000000e+00,1.000000000000000000e+00
2.573750000000000000e+02,-6.250000000000000000e-02,-6.250000000000000000e-02,-1.350000000000000000e+01,-6.250000000000000000e-02,-6.250000000000000000e-02,-8.125000000000000000e-01,-1.250000000000000000e+00,-7.312500000000000000e+00,3.188750000000000000e+02,-1.562500000000000000e+01,-6.250000000000000000e-02,-1.931250000000000000e+01,1.018125000000000000e+02,2.500000000000000000e+00,-6.250000000000000000e-02,-8.125000000000000000e-01,-3.812500000000000000e+00,1.000000000000000000e+00
2.573750000000000000e+02,-6.250000000000000000e-02,-6.250000000000000000e-02,-1.175000000000000000e+01,8.987500000000000000e+01,1.875000000000000000e-01,0.000000000000000000e+00,5.000000000000000000e-01,-6.250000000000000000e-02,3.188750000000000000e+02,-1.462500000000000000e+01,-6.250000000000000000e-02,-1.775000000000000000e+01,1.016250000000000000e+02,3.875000000000000000e+00,-6.250000000000000000e-01,1.625000000000000000e+00,-6.250000000000000000e-02,1.000000000000000000e+00
2.573750000000000000e+02,-6.250000000000000000e-02,-6.250000000000000000e-02,-1.175000000000000000e+01,8.987500000000000000e+01,1.875000000000000000e-01,8.750000000000000000e-01,1.437500000000000000e+00,-6.250000000000000000e-02,3.188750000000000000e+02,-1.362500000000000000e+01,-6.250000000000000000e-02,-1.631250000000000000e+01,1.031250000000000000e+02,4.312500000000000000e+00,8.125000000000000000e-01,1.187500000000000000e+00,-6.250000000000000000e-02,1.000000000000000000e+00
2.573750000000000000e+02,-1.556250000000000000e+01,-6.250000000000000000e-02,-1.193750000000000000e+01,8.906250000000000000e+01,-6.250000000000000000e-02,8.750000000000000000e-01,1.437500000000000000e+00,-6.250000000000000000e-02,3.188750000000000000e+02,-1.268750000000000000e+01,-6.250000000000000000e-02,-1.693750000000000000e+01,1.004375000000000000e+02,4.250000000000000000e+00,6.250000000000000000e-02,1.562500000000000000e+00,-6.250000000000000000e-02,1.000000000000000000e+00
2.573750000000000000e+02,-1.468750000000000000e+01,-6.250000000000000000e-02,-1.337500000000000000e+01,-6.250000000000000000e-02,-6.250000000000000000e-02,-1.250000000000000000e+00,2.187500000000000000e+00,-6.250000000000000000e-02,3.188750000000000000e+02,-2.768750000000000000e+01,-1.795625000000000000e+02,-1.700000000000000000e+01,9.837500000000000000e+01,4.625000000000000000e+00,-1.125000000000000000e+00,2.562500000000000000e+00,-6.250000000000000000e-02,1.000000000000000000e+00
2.573750000000000000e+02,-1.387500000000000000e+01,-6.250000000000000000e-02,-1.081250000000000000e+01,8.587500000000000000e+01,1.937500000000000000e+00,-2.562500000000000000e+00,1.812500000000000000e+00,-6.250000000000000000e-02,3.188750000000000000e+02,-2.768750000000000000e+01,-1.795625000000000000e+02,-1.700000000000000000e+01,9.837500000000000000e+01,4.625000000000000000e+00,-1.125000000000000000e+00,2.562500000000000000e+00,-6.250000000000000000e-02,1.000000000000000000e+00
2.573750000000000000e+02,-1.306250000000000000e+01,-6.250000000000000000e-02,-9.625000000000000000e+00,8.587500000000000000e+01,1.625000000000000000e+00,-2.750000000000000000e+00,6.875000000000000000e-01,-6.250000000000000000e-02,3.188750000000000000e+02,-2.675000000000000000e+01,-1.794375000000000000e+02,-1.293750000000000000e+01,-6.250000000000000000e-02,-6.250000000000000000e-02,-1.875000000000000000e+00,1.437500000000000000e+00,-6.250000000000000000e-02,1.000000000000000000e+00
2.573750000000000000e+02,-1.306250000000000000e+01,-6.250000000000000000e-02,-9.625000000000000000e+00,8.587500000000000000e+01,1.625000000000000000e+00,-2.750000000000000000e+00,6.875000000000000000e-01,-6.250000000000000000e-02,3.189375000000000000e+02,-2.581250000000000000e+01,-1.792500000000000000e+02,-1.250000000000000000e+01,-6.250000000000000000e-02,-6.250000000000000000e-02,-1.625000000000000000e+00,6.250000000000000000e-01,-6.250000000000000000e-02,1.000000000000000000e+00
2.574375000000000000e+02,-1.218750000000000000e+01,-6.250000000000000000e-02,-9.750000000000000000e+00,8.587500000000000000e+01,1.875000000000000000e+00,-4.375000000000000000e-01,2.875000000000000000e+00,-6.250000000000000000e-02,3.189375000000000000e+02,-2.487500000000000000e+01,-1.791250000000000000e+02,-1.162500000000000000e+01,9.687500000000000000e+01,6.187500000000000000e+00,-1.312500000000000000e+00,-3.125000000000000000e-01,-3.750000000000000000e+00,1.000000000000000000e+00
2.574375000000000000e+02,-2.737500000000000000e+01,1.768125000000000000e+02,-7.750000000000000000e+00,-6.250000000000000000e-02,-6.250000000000000000e-02,-4.375000000000000000e-01,2.875000000000000000e+00,-6.250000000000000000e-02,3.189375000000000000e+02,-6.250000000000000000e-02,-6.250000000000000000e-02,-1.168750000000000000e+01,9.481250000000000000e+01,5.437500000000000000e+00,-1.000000000000000000e+00,1.000000000000000000e+00,-6.250000000000000000e-02,1.000000000000000000e+00
2.574375000000000000e+02,-2.656250000000000000e+01,1.768750000000000000e+02,-3.687500000000000000e+00,8.637500000000000000e+01,6.875000000000000000e-01,-2.500000000000000000e-01,2.937500000000000000e+00,-6.250000000000000000e-02,3.189375000000000000e+02,-6.250000000000000000e-02,-6.250000000000000000e-02,-1.168750000000000000e+01,9.481250000000000000e+01,5.437500000000000000e+00,-4.375000000000000000e-01,1.062500000000000000e+00,-6.250000000000000000e-02,1.000000000000000000e+00
2.575000000000000000e+02,-2.568750000000000000e+01,1.769375000000000000e+02,5.000000000000000000e-01,8.637500000000000000e+01,-6.250000000000000000e-02,9.375000000000000000e-01,1.812500000000000000e+00,-6.250000000000000000e-02,3.190000000000000000e+02,-6.250000000000000000e-02,-6.250000000000000000e-02,-1.043750000000000000e+01,9.375000000000000000e+01,5.875000000000000000e+00,-4.375000000000000000e-01,1.062500000000000000e+00,-6.250000000000000000e-02,1.000000000000000000e+00
2.575000000000000000e+02,-2.568750000000000000e+01,1.769375000000000000e+02,5.000000000000000000e-01,8.637500000000000000e+01,-6.250000000000000000e-02,1.312500000000000000e+00,3.125000000000000000e-01,-6.250000000000000000e-02,3.190625000000000000e+02,-6.250000000000000000e-02,-6.250000000000000000e-02,-7.000000000000000000e+00,-6.250000000000000000e-02,-6.250000000000000000e-02,3.750000000000000000e-01,1.062500000000000000e+00,-6.250000000000000000e-02,1.000000000000000000e+00
2.575000000000000000e+02,-2.487500000000000000e+01,1.769375000000000000e+02,2.250000000000000000e+00,8.625000000000000000e+01,-6.250000000000000000e-02,1.312500000000000000e+00,3.125000000000000000e-01,-6.250000000000000000e-02,3.190625000000000000e+02,-6.250000000000000000e-02,-6.250000000000000000e-02,-7.000000000000000000e+00,-6.250000000000000000e-02,-6.250000000000000000e-02,2.500000000000000000e-01,1.375000000000000000e+00,-6.250000000000000000e-02,1.000000000000000000e+00
2.575000000000000000e+02,-2.406250000000000000e+01,1.768750000000000000e+02,5.375000000000000000e+00,8.543750000000000000e+01,-6.250000000000000000e-02,5.625000000000000000e-01,1.750000000000000000e+00,-6.250000000000000000e-02,3.191250000000000000e+02,-6.250000000000000000e-02,-6.250000000000000000e-02,-3.437500000000000000e+00,9.031250000000000000e+01,-6.250000000000000000e-02,2.500000000000000000e-01,1.375000000000000000e+00,-6.250000000000000000e-02,1.000000000000000000e+00
2.575000000000000000e+02,-6.250000000000000000e-02,-6.250000000000000000e-02,5.375000000000000000e+00,8.493750000000000000e+01,-6.250000000000000000e-02,1.250000000000000000e-01,2.562500000000000000e+00,-6.250000000000000000e-02,3.191875000000000000e+02,-6.250000000000000000e-02,-6.250000000000000000e-02,-2.437500000000000000e+00,8.925000000000000000e+01,-6.250000000000000000e-02,-2.062500000000000000e+00,1.125000000000000000e+00,-6.250000000000000000e-02,1.000000000000000000e+00
2.575000000000000000e+02,-6.250000000000000000e-02,-6.250000000000000000e-02,3.437500000000000000e+00,8.431250000000000000e+01,-6.250000000000000000e-02,-1.375000000000000000e+00,1.250000000000000000e+00,-6.250000000000000000e-02,3.192500000000000000e+02,-6.250000000000000000e-02,-6.250000000000000000e-02,-4.125000000000000000e+00,-6.250000000000000000e-02,-6.250000000000000000e-02,-2.500000000000000000e+00,2.125000000000000000e+00,-6.250000000000000000e-02,1.000000000000000000e+00
2.575625000000000000e+02,-6.250000000000000000e-02,-6.250000000000000000e-02,3.437500000000000000e+00,8.431250000000000000e+01,-6.250000000000000000e-02,-1.375000000000000000e+00,1.250000000000000000e+00,-6.250000000000000000e-02,3.193125000000000000e+02,-6.250000000000000000e-02,-6.250000000000000000e-02,-6.500000000000000000e+00,-6.250000000000000000e-02,-6.250000000000000000e-02,-1.875000000000000000e+00,1.000000000000000000e+01,-6.250000000000000000e-02,1.000000000000000000e+00
2.575625000000000000e+02,-6.250000000000000000e-02,-6.250000000000000000e-02,5.625000000000000000e-01,8.518750000000000000e+01,-6.250000000000000000e-02,-6.250000000000000000e-01,3.750000000000000000e-01,-8.062500000000000000e+00,3.193125000000000000e+02,-6.250000000000000000e-02,-6.250000000000000000e-02,-6.500000000000000000e+00,-6.250000000000000000e-02,-6.250000000000000000e-02,1.562500000000000000e+00,-6.250000000000000000e-02,-6.250000000000000000e-02,1.000000000000000000e+00
2.575625000000000000e+02,-6.250000000000000000e-02,-6.250000000000000000e-02,-1.312500000000000000e+00,8.712500000000000000e+01,5.625000000000000000e-01,6.250000000000000000e-02,3.125000000000000000e-01,-6.250000000000000000e-02,3.193750000000000000e+02,-6.250000000000000000e-02,-6.250000000000000000e-02,-7.312500000000000000e+00,-6.250000000000000000e-02,-6.250000000000000000e-02,1.562500000000000000e+00,-6.250000000000000000e-02,-6.250000000000000000e-02,1.000000000000000000e+00
2.576250000000000000e+02,-6.250000000000000000e-02,-6.250000000000000000e-02,-1.500000000000000000e+00,8.837500000000000000e+01,8.750000000000000000e-01,8.125000000000000000e-01,-6.250000000000000000e-02,-6.250000000000000000e-02,3.194375000000000000e+02,-6.250000000000000000e-02,-6.250000000000000000e-02,-8.187500000000000000e+00,8.856250000000000000e+01,-6.250000000000000000e-02,1.375000000000000000e+00,-6.250000000000000000e-02,-6.250000000000000000e-02,1.000000000000000000e+00
2.576250000000000000e+02,-6.250000000000000000e-02,-6.250000000000000000e-02,-1.625000000000000000e+00,8.693750000000000000e+01,5.000000000000000000e-01,8.750000000000000000e-01,-6.250000000000000000e-02,-6.250000000000000000e-02,3.194375000000000000e+02,-6.250000000000000000e-02,-6.250000000000000000e-02,-1.106250000000000000e+01,8.800000000000000000e+01,-6.250000000000000000e-02,1.937500000000000000e+00,-6.250000000000000000e-02,-6.250000000000000000e-02,1.000000000000000000e+00
2.576250000000000000e+02,-6.250000000000000000e-02,-6.250000000000000000e-02,-1.625000000000000000e+00,8.693750000000000000e+01,5.000000000000000000e-01,8.750000000000000000e-01,-6.250000000000000000e-02,-6.250000000000000000e-02,3.195000000000000000e+02,-1.525000000000000000e+01,-6.250000000000000000e-02,-1.206250000000000000e+01,-6.250000000000000000e-02,-6.250000000000000000e-02,8.750000000000000000e-01,-6.250000000000000000e-02,-6.250000000000000000e-02,1.000000000000000000e+00
2.576250000000000000e+02,-6.250000000000000000e-02,-6.250000000000000000e-02,-1.437500000000000000e+00,8.618750000000000000e+01,6.250000000000000000e-02,1.250000000000000000e+00,-6.250000000000000000e-02,-6.250000000000000000e-02,3.195625000000000000e+02,-1.437500000000000000e+01,-6.250000000000000000e-02,-1.175000000000000000e+01,8.806250000000000000e+01,-6.250000000000000000e-02,6.875000000000000000e-01,8.125000000000000000e-01,-6.250000000000000000e-02,1.000000000000000000e+00
2.576875000000000000e+02,-6.250000000000000000e-02,-6.250000000000000000e-02,-2.562500000000000000e+00,8.543750000000000000e+01,-6.250000000000000000e-02,2.000000000000000000e+00,5.625000000000000000e-01,-6.250000000000000000e-02,3.195625000000000000e+02,-1.437500000000000000e+01,-6.250000000000000000e-02,-1.206250000000000000e+01,-6.250000000000000000e-02,-6.250000000000000000e-02,-1.187500000000000000e+00,2.437500000000000000e+00,-6.250000000000000000e-02,1.000000000000000000e+00
2.576875000000000000e+02,-6.250000000000000000e-02,-6.250000000000000000e-02,-2.562500000000000000e+00,8.468750000000000000e+01,-6.250000000000000000e-02,4.375000000000000000e-01,2.437500000000000000e+00,-6.250000000000000000e-02,3.196250000000000000e+02,-1.350000000000000000e+01,-6.250000000000000000e-02,-1.206250000000000000e+01,-6.250000000000000000e-02,-6.250000000000000000e-02,-1.187500000000000000e+00,2.437500000000000000e+00,-6.250000000000000000e-02,1.000000000000000000e+00
2.576875000000000000e+02,-1.575000000000000000e+01,-6.250000000000000000e-02,-1.437500000000000000e+00,8.556250000000000000e+01,-6.250000000000000000e-02,-2.500000000000000000e-01,3.937500000000000000e+00,-6.250000000000000000e-02,3.197500000000000000e+02,-1.262500000000000000e+01,-6.250000000000000000e-02,-9.500000000000000000e+00,8.975000000000000000e+01,-6.250000000000000000e-02,-1.250000000000000000e+00,3.875000000000000000e+00,-6.250000000000000000e-02,1.000000000000000000e+00
2.576875000000000000e+02,-1.487500000000000000e+01,-6.250000000000000000e-02,1.875000000000000000e-01,8.700000000000000000e+01,-6.250000000000000000e-02,-6.250000000000000000e-02,4.687500000000000000e+00,-6.250000000000000000e-02,3.198125000000000000e+02,-1.175000000000000000e+01,-1.776250000000000000e+02,-6.625000000000000000e+00,-6.250000000000000000e-02,-6.250000000000000000e-02,-2.500000000000000000e-01,3.687500000000000000e+00,1.562500000000000000e+00,1.000000000000000000e+00
2.577500000000000000e+02,-1.406250000000000000e+01,-6.250000000000000000e-02,8.125000000000000000e-01,8.631250000000000000e+01,-6.250000000000000000e-02,-3.750000000000000000e-01,4.687500000000000000e+00,5.000000000000000000e-01,3.198750000000000000e+02,-1.087500000000000000e+01,-1.775625000000000000e+02,-5.312500000000000000e+00,-6.250000000000000000e-02,-6.250000000000000000e-02,-2.500000000000000000e-01,2.437500000000000000e+00,8.750000000000000000e-01,1.000000000000000000e+00
2.577500000000000000e+02,-1.406250000000000000e+01,-6.250000000000000000e-02,8.125000000000000000e-01,8.631250000000000000e+01,-6.250000000000000000e-02,1.875000000000000000e-01,3.000000000000000000e+00,1.562500000000000000e+00,3.199375000000000000e+02,-1.000000000000000000e+01,-1.775000000000000000e+02,-4.875000000000000000e+00,-6.250000000000000000e-02,-6.250000000000000000e-02,6.250000000000000000e-02,2.000000000000000000e+00,6.250000000000000000e-01,1.000000000000000000e+00
2.577500000000000000e+02,-1.325000000000000000e+01,-6.250000000000000000e-02,1.250000000000000000e+00,8.700000000000000000e+01,-6.250000000000000000e-02,1.875000000000000000e-01,3.000000000000000000e+00,1.562500000000000000e+00,3.199375000000000000e+02,-1.000000000000000000e+01,-1.775000000000000000e+02,-4.875000000000000000e+00,-6.250000000000000000e-02,-6.250000000000000000e-02,-7.500000000000000000e-01,1.562500000000000000e+00,3.312500000000000000e+00,1.000000000000000000e+00
2.577500000000000000e+02,-1.237500000000000000e+01,-6.250000000000000000e-02,2.062500000000000000e+00,8.781250000000000000e+01,-6.250000000000000000e-02,4.375000000000000000e-01,3.062500000000000000e+00,3.625000000000000000e+00,3.200625000000000000e+02,-9.125000000000000000e+00,-1.775000000000000000e+02,-3.187500000000000000e+00,9.212500000000000000e+01,-6.250000000000000000e-02,-7.500000000000000000e-01,1.562500000000000000e+00,3.312500000000000000e+00,9.789999999999999813e-01
2.577500000000000000e+02,-1.150000000000000000e+01,1.770000000000000000e+02,3.812500000000000000e+00,-6.250000000000000000e-02,-6.250000000000000000e-02,4.375000000000000000e-01,1.937500000000000000e+00,1.562500000000000000e+00,3.201875000000000000e+02,-6.250000000000000000e-02,-6.250000000000000000e-02,-4.750000000000000000e+00,-6.250000000000000000e-02,-6.250000000000000000e-02,-1.562500000000000000e+00,1.250000000000000000e-01,3.437500000000000000e+00,8.669999999999999929e-01
2.578125000000000000e+02,-1.068750000000000000e+01,1.770000000000000000e+02,1.687500000000000000e+00,-6.250000000000000000e-02,-6.250000000000000000e-02,-4.375000000000000000e-01,6.250000000000000000e-02,3.750000000000000000e+00,3.201875000000000000e+02,-6.250000000000000000e-02,-6.250000000000000000e-02,-3.375000000000000000e+00,9.337500000000000000e+01,-6.250000000000000000e-02,-1.687500000000000000e+00,-7.500000000000000000e-01,2.875000000000000000e+00,7.379999999999999893e-01
2.578125000000000000e+02,-9.812500000000000000e+00,1.770000000000000000e+02,1.812500000000000000e+00,-6.250000000000000000e-02,-6.250000000000000000e-02,-1.625000000000000000e+00,6.875000000000000000e-01,3.812500000000000000e+00,3.202500000000000000e+02,-6.250000000000000000e-02,-6.250000000000000000e-02,-3.375000000000000000e+00,9.337500000000000000e+01,-6.250000000000000000e-02,-1.687500000000000000e+00,-7.500000000000000000e-01,2.875000000000000000e+00,5.260000000000000231e-01
2.578125000000000000e+02,-9.812500000000000000e+00,1.770000000000000000e+02,3.500000000000000000e+00,-6.250000000000000000e-02,-6.250000000000000000e-02,-1.437500000000000000e+00,2.500000000000000000e-01,2.000000000000000000e+00,3.203750000000000000e+02,-6.250000000000000000e-02,-6.250000000000000000e-02,-1.875000000000000000e+00,9.381250000000000000e+01,-6.250000000000000000e-02,-1.437500000000000000e+00,-5.000000000000000000e-01,4.375000000000000000e-01,3.230000000000000093e-01
2.578750000000000000e+02,-8.937500000000000000e+00,1.770000000000000000e+02,3.500000000000000000e+00,-6.250000000000000000e-02,-6.250000000000000000e-02,-5.000000000000000000e-01,3.750000000000000000e-01,5.000000000000000000e-01,3.204375000000000000e+02,-6.250000000000000000e-02,-6.250000000000000000e-02,8.125000000000000000e-01,-6.250000000000000000e-02,-6.250000000000000000e-02,-2.500000000000000000e-01,-6.250000000000000000e-02,1.625000000000000000e+00,1.799999999999999933e-01
2.578750000000000000e+02,-8.062500000000000000e+00,1.769375000000000000e+02,6.000000000000000000e+00,-6.250000000000000000e-02,-6.250000000000000000e-02,-5.000000000000000000e-01,3.750000000000000000e-01,5.000000000000000000e-01,3.205625000000000000e+02,-6.250000000000000000e-02,-6.250000000000000000e-02,5.750000000000000000e+00,-6.250000000000000000e-02,-6.250000000000000000e-02,7.500000000000000000e-01,5.625000000000000000e-01,3.687500000000000000e+00,3.000000000000000062e-03
2.579375000000000000e+02,-6.250000000000000000e-02,-6.250000000000000000e-02,9.000000000000000000e+00,-6.250000000000000000e-02,-6.250000000000000000e-02,1.125000000000000000e+00,8.750000000000000000e-01,1.937500000000000000e+00,3.206250000000000000e+02,-6.250000000000000000e-02,-6.250000000000000000e-02,1.012500000000000000e+01,-6.250000000000000000e-02,-6.250000000000000000e-02,1.062500000000000000e+00,1.125000000000000000e+00,6.250000000000000000e+00,0.000000000000000000e+00
2.579375000000000000e+02,-6.250000000000000000e-02,-6.250000000000000000e-02,1.212500000000000000e+01,-6.250000000000000000e-02,-6.250000000000000000e-02,1.187500000000000000e+00,2.250000000000000000e+00,5.437500000000000000e+00,3.207500000000000000e+02,-6.250000000000000000e-02,-6.250000000000000000e-02,1.381250000000000000e+01,8.793750000000000000e+01,-6.250000000000000000e-02,-6.250000000000000000e-01,1.937500000000000000e+00,-6.250000000000000000e-02,0.000000000000000000e+00
2.579375000000000000e+02,-6.250000000000000000e-02,-6.250000000000000000e-02,1.706250000000000000e+01,-6.250000000000000000e-02,-6.250000000000000000e-02,1.375000000000000000e+00,2.437500000000000000e+00,6.500000000000000000e+00,3.208125000000000000e+02,-6.250000000000000000e-02,-6.250000000000000000e-02,1.450000000000000000e+01,8.450000000000000000e+01,-6.250000000000000000e-02,-1.625000000000000000e+00,8.750000000000000000e-01,-6.250000000000000000e-02,0.000000000000000000e+00
2.579375000000000000e+02,-6.250000000000000000e-02,-6.250000000000000000e-02,1.718750000000000000e+01,8.493750000000000000e+01,-6.250000000000000000e-02,1.500000000000000000e+00,2.062500000000000000e+00,-6.250000000000000000e-02,3.208125000000000000e+02,-6.250000000000000000e-02,-6.250000000000000000e-02,1.450000000000000000e+01,-1.963500000000000000e+03,-6.250000000000000000e-02,-1.500000000000000000e+00,-3.125000000000000000e-01,1.393750000000000000e+01,0.000000000000000000e+00
2.579375000000000000e+02,-6.250000000000000000e-02,-6.250000000000000000e-02,1.381250000000000000e+01,8.181250000000000000e+01,-6.250000000000000000e-02,8.125000000000000000e-01,5.625000000000000000e-01,-6.250000000000000000e-02,3.209375000000000000e+02,-6.250000000000000000e-02,-6.250000000000000000e-02,1.625000000000000000e+00,-6.250000000000000000e-02,-6.250000000000000000e-02,-8.750000000000000000e-01,-2.625000000000000000e+00,2.150000000000000000e+01,0.000000000000000000e+00
2.579375000000000000e+02,-6.250000000000000000e-02,-6.250000000000000000e-02,8.750000000000000000e+00,-6.250000000000000000e-02,-6.250000000000000000e-02,1.062500000000000000e+00,-6.250000000000000000e-02,-6.250000000000000000e-02,3.210000000000000000e+02,3.750000000000000000e-01,-6.250000000000000000e-02,1.625000000000000000e+00,-6.250000000000000000e-02,-6.250000000000000000e-02,-6.250000000000000000e-01,-5.375000000000000000e+00,-6.250000000000000000e-02,0.000000000000000000e+00
2.579375000000000000e+02,-6.250000000000000000e-02,-6.250000000000000000e-02,3.312500000000000000e+00,-6.250000000000000000e-02,-6.250000000000000000e-02,2.000000000000000000e+00,-6.250000000000000000e-02,-6.250000000000000000e-02,3.210625000000000000e+02,1.125000000000000000e+00,-6.250000000000000000e-02,-4.562500000000000000e+00,-6.250000000000000000e-02,-6.250000000000000000e-02,-6.250000000000000000e-01,-5.375000000000000000e+00,-6.250000000000000000e-02,0.000000000000000000e+00
2.579375000000000000e+02,-6.250000000000000000e-02,-6.250000000000000000e-02,-1.500000000000000000e+00,7.087500000000000000e+01,-6.250000000000000000e-02,4.562500000000000000e+00,-6.250000000000000000e-02,-6.250000000000000000e-02,3.211250000000000000e+02,1.750000000000000000e+00,-6.250000000000000000e-02,-8.625000000000000000e+00,-1.979375000000000000e+03,-6.250000000000000000e-02,1.625000000000000000e+00,-6.250000000000000000e-02,-6.250000000000000000e-02,0.000000000000000000e+00
2.579375000000000000e+02,-6.250000000000000000e-02,-6.250000000000000000e-02,-1.500000000000000000e+00,7.087500000000000000e+01,-6.250000000000000000e-02,5.562500000000000000e+00,-6.250000000000000000e-02,-6.250000000000000000e-02,3.211875000000000000e+02,2.375000000000000000e+00,-6.250000000000000000e-02,-9.187500000000000000e+00,6.387500000000000000e+01,-6.250000000000000000e-02,2.062500000000000000e+00,-6.250000000000000000e-02,-6.250000000000000000e-02,0.000000000000000000e+00
2.579375000000000000e+02,-6.250000000000000000e-02,-6.250000000000000000e-02,-2.375000000000000000e+00,6.737500000000000000e+01,-6.250000000000000000e-02,5.562500000000000000e+00,-6.250000000000000000e-02,-6.250000000000000000e-02,3.212500000000000000e+02,3.000000000000000000e+00,-6.250000000000000000e-02,-6.000000000000000000e+00,-6.250000000000000000e-02,-6.250000000000000000e-02,4.125000000000000000e+00,-6.250000000000000000e-02,-6.250000000000000000e-02,0.000000000000000000e+00
2.580000000000000000e+02,-6.250000000000000000e-02,-6.250000000000000000e-02,-1.375000000000000000e+00,6.268750000000000000e+01,-6.250000000000000000e-02,6.312500000000000000e+00,-6.250000000000000000e-02,-6.250000000000000000e-02,3.212500000000000000e+02,3.000000000000000000e+00,-6.250000000000000000e-02,-3.625000000000000000e+00,5.518750000000000000e+01,6.625000000000000000e+00,5.750000000000000000e+00,-6.250000000000000000e-02,-6.250000000000000000e-02,0.000000000000000000e+00
2.580000000000000000e+02,1.250000000000000000e-01,1.761875000000000000e+02,-5.000000000000000000e-01,5.793750000000000000e+01,5.625000000000000000e-01,6.437500000000000000e+00,2.687500000000000000e+00,-6.250000000000000000e-02,3.213125000000000000e+02,3.500000000000000000e+00,-6.250000000000000000e-02,-3.625000000000000000e+00,5.518750000000000000e+01,6.625000000000000000e+00,5.750000000000000000e+00,-6.250000000000000000e-02,-6.250000000000000000e-02,0.000000000000000000e+00
2.580000000000000000e+02,6.250000000000000000e-01,1.761875000000000000e+02,1.250000000000000000e+00,5.325000000000000000e+01,1.375000000000000000e+00,6.250000000000000000e+00,4.375000000000000000e+00,-6.250000000000000000e-02,3.213750000000000000e+02,4.000000000000000000e+00,-6.250000000000000000e-02,-1.500000000000000000e+00,5.006250000000000000e+01,6.000000000000000000e+00,4.937500000000000000e+00,2.750000000000000000e+00,2.262500000000000000e+01,0.000000000000000000e+00
2.580625000000000000e+02,1.062500000000000000e+00,1.761875000000000000e+02,2.437500000000000000e+00,-6.250000000000000000e-02,-6.250000000000000000e-02,4.812500000000000000e+00,5.062500000000000000e+00,-6.250000000000000000e-02,3.214375000000000000e+02,4.437500000000000000e+00,-6.250000000000000000e-02,1.125000000000000000e+00,-6.250000000000000000e-02,-6.250000000000000000e-02,4.562500000000000000e+00,5.937500000000000000e+00,2.106250000000000000e+01,0.000000000000000000e+00
2.580625000000000000e+02,1.062500000000000000e+00,1.761875000000000000e+02,1.250000000000000000e-01,-6.250000000000000000e-02,-6.250000000000000000e-02,4.750000000000000000e+00,4.625000000000000000e+00,-6.250000000000000000e-02,3.214375000000000000e+02,4.812500000000000000e+00,-6.250000000000000000e-02,1.812500000000000000e+00,3.906250000000000000e+01,4.812500000000000000e+00,4.187500000000000000e+00,4.562500000000000000e+00,2.025000000000000000e+01,0.000000000000000000e+00
2.580625000000000000e+02,1.500000000000000000e+00,1.761875000000000000e+02,1.250000000000000000e-01,-6.250000000000000000e-02,-6.250000000000000000e-02,4.750000000000000000e+00,4.625000000000000000e+00,-6.250000000000000000e-02,3.215000000000000000e+02,5.125000000000000000e+00,-6.250000000000000000e-02,-1.250000000000000000e-01,3.418750000000000000e+01,3.750000000000000000e+00,3.500000000000000000e+00,2.312500000000000000e+00,1.800000000000000000e+01,0.000000000000000000e+00
2.581250000000000000e+02,1.875000000000000000e+00,1.761875000000000000e+02,-2.062500000000000000e+00,3.793750000000000000e+01,1.875000000000000000e+00,3.687500000000000000e+00,1.250000000000000000e+00,-6.250000000000000000e-02,3.215000000000000000e+02,5.125000000000000000e+00,-6.250000000000000000e-02,-1.250000000000000000e-01,3.418750000000000000e+01,3.750000000000000000e+00,3.062500000000000000e+00,0.000000000000000000e+00,1.687500000000000000e+01,0.000000000000000000e+00
2.581250000000000000e+02,2.187500000000000000e+00,1.761875000000000000e+02,-2.312500000000000000e+00,3.343750000000000000e+01,1.875000000000000000e+00,4.125000000000000000e+00,-6.250000000000000000e-02,-6.250000000000000000e-02,3.215000000000000000e+02,5.437500000000000000e+00,-6.250000000000000000e-02,-4.375000000000000000e-01,2.931250000000000000e+01,3.125000000000000000e+00,3.062500000000000000e+00,0.000000000000000000e+00,1.687500000000000000e+01,0.000000000000000000e+00
2.581875000000000000e+02,2.437500000000000000e+00,1.762500000000000000e+02,-2.562500000000000000e+00,2.693750000000000000e+01,1.500000000000000000e+00,5.000000000000000000e+00,-6.250000000000000000e-02,-6.250000000000000000e-02,3.215625000000000000e+02,5.687500000000000000e+00,-6.250000000000000000e-02,7.500000000000000000e-01,-6.250000000000000000e-02,-6.250000000000000000e-02,3.375000000000000000e+00,-6.250000000000000000e-02,-6.250000000000000000e-02,0.000000000000000000e+00
2.581875000000000000e+02,2.437500000000000000e+00,1.762500000000000000e+02,-3.062500000000000000e+00,1.893750000000000000e+01,1.437500000000000000e+00,4.125000000000000000e+00,-6.250000000000000000e-02,-6.250000000000000000e-02,3.215625000000000000e+02,5.812500000000000000e+00,-6.250000000000000000e-02,-1.187500000000000000e+00,1.762500000000000000e+01,3.687500000000000000e+00,3.062500000000000000e+00,-6.250000000000000000e-02,-6.250000000000000000e-02,0.000000000000000000e+00
2.581875000000000000e+02,2.625000000000000000e+00,1.762500000000000000e+02,-3.062500000000000000e+00,1.893750000000000000e+01,1.437500000000000000e+00,4.125000000000000000e+00,-6.250000000000000000e-02,-6.250000000000000000e-02,3.216250000000000000e+02,5.937500000000000000e+00,-6.250000000000000000e-02,-1.500000000000000000e+00,1.162500000000000000e+01,4.687500000000000000e+00,2.375000000000000000e+00,-6.250000000000000000e-02,-6.250000000000000000e-02,0.000000000000000000e+00
2.581875000000000000e+02,2.750000000000000000e+00,1.763125000000000000e+02,-2.937500000000000000e+00,1.318750000000000000e+01,1.062500000000000000e+00,5.375000000000000000e+00,-6.250000000000000000e-02,-6.250000000000000000e-02,3.216250000000000000e+02,5.937500000000000000e+00,-6.250000000000000000e-02,-1.250000000000000000e-01,7.562500000000000000e+00,4.625000000000000000e+00,2.937500000000000000e+00,7.500000000000000000e-01,-6.250000000000000000e-02,0.000000000000000000e+00
2.581875000000000000e+02,2.875000000000000000e+00,1.763125000000000000e+02,-6.250000000000000000e-01,1.037500000000000000e+01,1.375000000000000000e+00,5.875000000000000000e+00,1.062500000000000000e+00,6.312500000000000000e+00,3.216875000000000000e+02,6.000000000000000000e+00,-6.250000000000000000e-02,-1.250000000000000000e-01,7.562500000000000000e+00,4.625000000000000000e+00,2.625000000000000000e+00,2.000000000000000000e+00,7.937500000000000000e+00,0.000000000000000000e+00
2.582500000000000000e+02,2.937500000000000000e+00,1.763125000000000000e+02,1.937500000000000000e+00,-6.250000000000000000e-02,-6.250000000000000000e-02,3.437500000000000000e+00,3.250000000000000000e+00,5.187500000000000000e+00,3.216875000000000000e+02,6.062500000000000000e+00,-6.250000000000000000e-02,4.000000000000000000e+00,3.687500000000000000e+00,5.562500000000000000e+00,2.625000000000000000e+00,2.000000000000000000e+00,7.937500000000000000e+00,0.000000000000000000e+00
2.582500000000000000e+02,2.937500000000000000e+00,1.763125000000000000e+02,5.187500000000000000e+00,-6.250000000000000000e-02,-6.250000000000000000e-02,-1.000000000000000000e+00,3.875000000000000000e+00,1.875000000000000000e+00,3.217500000000000000e+02,6.062500000000000000e+00,-6.250000000000000000e-02,6.875000000000000000e+00,7.500000000000000000e-01,6.687500000000000000e+00,2.375000000000000000e+00,3.250000000000000000e+00,5.000000000000000000e+00,0.000000000000000000e+00
2.583125000000000000e+02,3.125000000000000000e+00,1.761875000000000000e+02,3.750000000000000000e+00,7.562500000000000000e+00,3.687500000000000000e+00,-1.000000000000000000e+00,3.562500000000000000e+00,8.750000000000000000e-01,3.218750000000000000e+02,6.062500000000000000e+00,-6.250000000000000000e-02,9.375000000000000000e-01,-6.250000000000000000e-02,-6.250000000000000000e-02,9.375000000000000000e-01,3.312500000000000000e+00,5.250000000000000000e+00,0.000000000000000000e+00
2.583125000000000000e+02,3.125000000000000000e+00,1.761875000000000000e+02,3.750000000000000000e+00,7.562500000000000000e+00,3.687500000000000000e+00,-1.125000000000000000e+00,2.812500000000000000e+00,3.125000000000000000e+00,3.219375000000000000e+02,6.000000000000000000e+00,-6.250000000000000000e-02,-5.000000000000000000e+00,-6.250000000000000000e-02,-6.250000000000000000e-02,-2.250000000000000000e+00,1.000000000000000000e+00,7.062500000000000000e+00,7.000000000000000146e-03
2.583750000000000000e+02,3.125000000000000000e+00,1.761875000000000000e+02,-2.500000000000000000e-01,3.875000000000000000e+00,3.937500000000000000e+00,9.375000000000000000e-01,-6.250000000000000000e-02,-6.250000000000000000e-02,3.220000000000000000e+02,5.937500000000000000e+00,-6.250000000000000000e-02,-8.625000000000000000e+00,-6.125000000000000000e+00,-6.250000000000000000e-02,1.250000000000000000e-01,1.250000000000000000e-01,-6.250000000000000000e-02,0.000000000000000000e+00
2.583750000000000000e+02,3.125000000000000000e+00,1.762500000000000000e+02,-4.437500000000000000e+00,-6.250000000000000000e-02,-6.250000000000000000e-02,9.375000000000000000e-01,-6.250000000000000000e-02,-6.250000000000000000e-02,3.220625000000000000e+02,5.875000000000000000e+00,-6.250000000000000000e-02,-7.875000000000000000e+00,-6.250000000000000000e-02,-6.250000000000000000e-02,2.500000000000000000e-01,-6.250000000000000000e-02,-6.250000000000000000e-02,0.000000000000000000e+00
2.584375000000000000e+02,3.062500000000000000e+00,1.762500000000000000e+02,-5.000000000000000000e+00,-6.250000000000000000e-02,-6.250000000000000000e-02,1.000000000000000000e+00,-6.250000000000000000e-02,-6.250000000000000000e-02,3.221250000000000000e+02,5.812500000000000000e+00,-6.250000000000000000e-02,-5.312500000000000000e+00,-6.250000000000000000e-02,-6.250000000000000000e-02,0.000000000000000000e+00,-6.250000000000000000e-02,-6.250000000000000000e-02,0.000000000000000000e+00
2.584375000000000000e+02,3.000000000000000000e+00,1.763125000000000000e+02,-4.062500000000000000e+00,-6.250000000000000000e-02,-6.250000000000000000e-02,-1.250000000000000000e+00,5.625000000000000000e-01,-6.250000000000000000e-02,3.221875000000000000e+02,5.687500000000000000e+00,-6.250000000000000000e-02,-8.375000000000000000e+00,-1.043750000000000000e+01,5.625000000000000000e+00,-3.750000000000000000e-01,-1.687500000000000000e+00,1.000000000000000000e+00,0.000000000000000000e+00
2.585000000000000000e+02,2.937500000000000000e+00,1.763750000000000000e+02,-4.062500000000000000e+00,-6.250000000000000000e-02,-6.250000000000000000e-02,-1.250000000000000000e+00,5.625000000000000000e-01,-6.250000000000000000e-02,3.222500000000000000e+02,5.562500000000000000e+00,-6.250000000000000000e-02,-9.937500000000000000e+00,-1.112500000000000000e+01,5.312500000000000000e+00,-6.250000000000000000e-01,-8.125000000000000000e-01,7.500000000000000000e-01,0.000000000000000000e+00
2.585000000000000000e+02,2.812500000000000000e+00,1.763750000000000000e+02,-5.437500000000000000e+00,-6.250000000000000000e-02,-6.250000000000000000e-02,-2.000000000000000000e+00,3.750000000000000000e-01,-6.250000000000000000e-02,3.222500000000000000e+02,5.562500000000000000e+00,-6.250000000000000000e-02,-1.043750000000000000e+01,-1.281250000000000000e+01,-6.250000000000000000e-02,-1.625000000000000000e+00,-1.500000000000000000e+00,2.125000000000000000e+00,0.000000000000000000e+00
2.585625000000000000e+02,2.750000000000000000e+00,1.765000000000000000e+02,-7.437500000000000000e+00,-6.250000000000000000e-02,-6.250000000000000000e-02,-2.125000000000000000e+00,0.000000000000000000e+00,-6.250000000000000000e-02,3.223125000000000000e+02,5.500000000000000000e+00,-6.250000000000000000e-02,-1.043750000000000000e+01,-1.281250000000000000e+01,-6.250000000000000000e-02,-2.812500000000000000e+00,-2.187500000000000000e+00,-5.562500000000000000e+00,0.000000000000000000e+00
2.585625000000000000e+02,2.625000000000000000e+00,1.765625000000000000e+02,-7.437500000000000000e+00,-6.250000000000000000e-02,-6.250000000000000000e-02,-2.687500000000000000e+00,-5.000000000000000000e-01,-3.687500000000000000e+00,3.223750000000000000e+02,5.312500000000000000e+00,-6.250000000000000000e-02,-1.181250000000000000e+01,-1.350000000000000000e+01,-6.250000000000000000e-02,-2.812500000000000000e+00,-2.187500000000000000e+00,-5.562500000000000000e+00,0.000000000000000000e+00
2.585625000000000000e+02,2.625000000000000000e+00,1.765625000000000000e+02,-8.687500000000000000e+00,-7.875000000000000000e+00,-6.250000000000000000e-02,-1.687500000000000000e+00,-2.500000000000000000e-01,-7.875000000000000000e+00,3.223750000000000000e+02,5.250000000000000000e+00,-6.250000000000000000e-02,-1.481250000000000000e+01,-6.250000000000000000e-02,-6.250000000000000000e-02,-1.812500000000000000e+00,-1.312500000000000000e+00,-6.562500000000000000e+00,2.000000000000000042e-03
2.586875000000000000e+02,2.500000000000000000e+00,1.767500000000000000e+02,-1.118750000000000000e+01,-6.562500000000000000e+00,-6.250000000000000000e-02,-2.625000000000000000e+00,1.375000000000000000e+00,-6.250000000000000000e-02,3.224375000000000000e+02,5.125000000000000000e+00,-6.250000000000000000e-02,-1.781250000000000000e+01,-9.812500000000000000e+00,4.875000000000000000e+00,-5.625000000000000000e-01,-6.250000000000000000e-02,-8.125000000000000000e+00,0.000000000000000000e+00
2.586875000000000000e+02,2.500000000000000000e+00,1.767500000000000000e+02,-1.118750000000000000e+01,-6.562500000000000000e+00,-6.250000000000000000e-02,-3.500000000000000000e+00,2.875000000000000000e+00,-8.687500000000000000e+00,3.225000000000000000e+02,5.062500000000000000e+00,-6.250000000000000000e-02,-1.643750000000000000e+01,-8.437500000000000000e+00,5.062500000000000000e+00,-1.437500000000000000e+00,4.750000000000000000e+00,-6.250000000000000000e-02,0.000000000000000000e+00
2.587500000000000000e+02,2.437500000000000000e+00,1.768750000000000000e+02,-1.156250000000000000e+01,-4.875000000000000000e+00,-6.250000000000000000e-02,-3.500000000000000000e+00,2.875000000000000000e+00,-8.687500000000000000e+00,3.225625000000000000e+02,5.000000000000000000e+00,-6.250000000000000000e-02,-1.037500000000000000e+01,-7.687500000000000000e+00,-6.250000000000000000e-02,-2.875000000000000000e+00,6.375000000000000000e+00,-8.312500000000000000e+00,0.000000000000000000e+00
2.587500000000000000e+02,2.437500000000000000e+00,1.769375000000000000e+02,-1.068750000000000000e+01,-4.000000000000000000e+00,5.812500000000000000e+00,-3.500000000000000000e+00,5.062500000000000000e+00,-9.937500000000000000e+00,3.225625000000000000e+02,5.000000000000000000e+00,-6.250000000000000000e-02,-5.187500000000000000e+00,-6.250000000000000000e-02,-6.250000000000000000e-02,-3.312500000000000000e+00,6.062500000000000000e+00,-9.375000000000000000e+00,0.000000000000000000e+00
2.588125000000000000e+02,2.375000000000000000e+00,1.770000000000000000e+02,-8.500000000000000000e+00,-4.437500000000000000e+00,-6.250000000000000000e-02,-3.312500000000000000e+00,5.687500000000000000e+00,-1.018750000000000000e+01,3.225625000000000000e+02,4.875000000000000000e+00,-6.250000000000000000e-02,-4.750000000000000000e+00,-6.250000000000000000e-02,-6.250000000000000000e-02,-3.187500000000000000e+00,5.125000000000000000e+00,-9.687500000000000000e+00,0.000000000000000000e+00
2.588750000000000000e+02,2.312500000000000000e+00,1.771250000000000000e+02,-7.750000000000000000e+00,-6.250000000000000000e-02,-6.250000000000000000e-02,-3.812500000000000000e+00,5.875000000000000000e+00,-1.062500000000000000e+01,3.226250000000000000e+02,4.812500000000000000e+00,-6.250000000000000000e-02,-4.750000000000000000e+00,-6.250000000000000000e-02,-6.250000000000000000e-02,-3.187500000000000000e+00,5.125000000000000000e+00,-9.687500000000000000e+00,0.000000000000000000e+00
2.588750000000000000e+02,2.312500000000000000e+00,1.771250000000000000e+02,-9.625000000000000000e+00,-3.625000000000000000e+00,4.812500000000000000e+00,-4.562500000000000000e+00,-6.250000000000000000e-02,-6.250000000000000000e-02,3.226250000000000000e+02,4.750000000000000000e+00,-6.250000000000000000e-02,-1.075000000000000000e+01,-8.437500000000000000e+00,3.187500000000000000e+00,-2.250000000000000000e+00,3.125000000000000000e+00,-1.131250000000000000e+01,0.000000000000000000e+00
2.589375000000000000e+02,2.312500000000000000e+00,1.771875000000000000e+02,-9.625000000000000000e+00,-3.625000000000000000e+00,4.812500000000000000e+00,-3.750000000000000000e+00,2.937500000000000000e+00,-1.062500000000000000e+01,3.226875000000000000e+02,4.687500000000000000e+00,-6.250000000000000000e-02,-1.687500000000000000e+01,-7.625000000000000000e+00,-6.250000000000000000e-02,-2.812500000000000000e+00,1.437500000000000000e+00,-1.168750000000000000e+01,0.000000000000000000e+00
2.590000000000000000e+02,2.250000000000000000e+00,1.773125000000000000e+02,-1.262500000000000000e+01,-6.250000000000000000e-02,-6.250000000000000000e-02,-3.750000000000000000e+00,2.937500000000000000e+00,-1.062500000000000000e+01,3.227500000000000000e+02,4.625000000000000000e+00,-1.600000000000000000e+01,-4.437500000000000000e+00,-6.250000000000000000e-02,-6.250000000000000000e-02,-3.187500000000000000e+00,7.500000000000000000e-01,-1.087500000000000000e+01,0.000000000000000000e+00
2.590000000000000000e+02,2.250000000000000000e+00,1.774375000000000000e+02,-1.443750000000000000e+01,-6.250000000000000000e-02,-6.250000000000000000e-02,-3.062500000000000000e+00,3.312500000000000000e+00,-1.106250000000000000e+01,3.227500000000000000e+02,4.625000000000000000e+00,-1.600000000000000000e+01,-4.437500000000000000e+00,-6.250000000000000000e-02,-6.250000000000000000e-02,-1.375000000000000000e+00,3.687500000000000000e+00,-6.250000000000000000e-02,0.000000000000000000e+00
2.590000000000000000e+02,2.250000000000000000e+00,1.774375000000000000e+02,-1.462500000000000000e+01,-6.250000000000000000e-02,-6.250000000000000000e-02,-2.937500000000000000e+00,3.187500000000000000e+00,-9.875000000000000000e+00,3.228125000000000000e+02,4.562500000000000000e+00,-1.581250000000000000e+01,-1.762500000000000000e+01,-4.125000000000000000e+00,-6.250000000000000000e-02,-1.375000000000000000e+00,3.687500000000000000e+00,-6.250000000000000000e-02,0.000000000000000000e+00
2.590625000000000000e+02,2.187500000000000000e+00,1.775625000000000000e+02,-1.031250000000000000e+01,-1.750000000000000000e+00,4.875000000000000000e+00,-1.062500000000000000e+00,3.500000000000000000e+00,-6.250000000000000000e-02,3.228125000000000000e+02,4.562500000000000000e+00,-1.575000000000000000e+01,-6.875000000000000000e+00,-6.250000000000000000e-02,-6.250000000000000000e-02,-1.625000000000000000e+00,5.125000000000000000e+00,-6.250000000000000000e-02,0.000000000000000000e+00
2.591250000000000000e+02,2.125000000000000000e+00,1.777500000000000000e+02,-2.687500000000000000e+00,-2.687500000000000000e+00,4.812500000000000000e+00,3.750000000000000000e-01,4.875000000000000000e+00,-8.062500000000000000e+00,3.228750000000000000e+02,4.500000000000000000e+00,-1.581250000000000000e+01,3.625000000000000000e+00,-6.250000000000000000e-02,-6.250000000000000000e-02,-3.125000000000000000e-01,5.937500000000000000e+00,-6.250000000000000000e-02,0.000000000000000000e+00
2.591875000000000000e+02,2.125000000000000000e+00,1.777500000000000000e+02,-2.687500000000000000e+00,-2.687500000000000000e+00,4.812500000000000000e+00,1.187500000000000000e+00,6.125000000000000000e+00,-6.250000000000000000e-02,3.228750000000000000e+02,4.437500000000000000e+00,-1.587500000000000000e+01,9.750000000000000000e+00,-6.250000000000000000e-02,-6.250000000000000000e-02,5.000000000000000000e-01,5.062500000000000000e+00,-6.250000000000000000e-02,0.000000000000000000e+00
2.591875000000000000e+02,2.062500000000000000e+00,1.777500000000000000e+02,3.000000000000000000e+00,-6.250000000000000000e-02,-6.250000000000000000e-02,1.187500000000000000e+00,6.125000000000000000e+00,-6.250000000000000000e-02,3.228750000000000000e+02,4.375000000000000000e+00,-1.600000000000000000e+01,1.268750000000000000e+01,-6.250000000000000000e-02,-6.250000000000000000e-02,1.125000000000000000e+00,4.312500000000000000e+00,-6.250000000000000000e-02,0.000000000000000000e+00
2.592500000000000000e+02,2.062500000000000000e+00,1.776875000000000000e+02,6.062500000000000000e+00,-6.250000000000000000e-02,-6.250000000000000000e-02,1.187500000000000000e+00,5.500000000000000000e+00,-6.250000000000000000e-02,3.228750000000000000e+02,4.375000000000000000e+00,-1.600000000000000000e+01,1.025000000000000000e+01,-8.437500000000000000e+00,1.875000000000000000e+00,2.375000000000000000e+00,2.625000000000000000e+00,-6.250000000000000000e-02,0.000000000000000000e+00
2.592500000000000000e+02,2.000000000000000000e+00,1.776250000000000000e+02,6.812500000000000000e+00,-6.250000000000000000e-02,-6.250000000000000000e-02,2.000000000000000000e+00,2.312500000000000000e+00,-8.937500000000000000e+00,3.229375000000000000e+02,4.312500000000000000e+00,-6.250000000000000000e-02,1.025000000000000000e+01,-8.437500000000000000e+00,1.875000000000000000e+00,2.312500000000000000e+00,1.125000000000000000e+00,-6.250000000000000000e-02,0.000000000000000000e+00
2.592500000000000000e+02,2.000000000000000000e+00,1.776250000000000000e+02,5.250000000000000000e+00,-6.250000000000000000e-02,-6.250000000000000000e-02,1.562500000000000000e+00,2.437500000000000000e+00,-6.250000000000000000e-02,3.229375000000000000e+02,4.187500000000000000e+00,-6.250000000000000000e-02,3.625000000000000000e+00,-1.031250000000000000e+01,1.375000000000000000e+00,2.312500000000000000e+00,1.125000000000000000e+00,-6.250000000000000000e-02,0.000000000000000000e+00
2.592500000000000000e+02,1.937500000000000000e+00,1.775625000000000000e+02,4.062500000000000000e+00,-8.625000000000000000e+00,-8.125000000000000000e-01,1.250000000000000000e+00,2.062500000000000000e+00,-9.750000000000000000e+00,3.229375000000000000e+02,4.062500000000000000e+00,-6.250000000000000000e-02,-1.937500000000000000e+00,-1.237500000000000000e+01,-6.250000000000000000e-02,1.875000000000000000e+00,-6.250000000000000000e-02,-6.250000000000000000e-02,0.000000000000000000e+00
2.592500000000000000e+02,1.750000000000000000e+00,1.775000000000000000e+02,1.875000000000000000e+00,-1.068750000000000000e+01,-3.750000000000000000e-01,1.312500000000000000e+00,-6.250000000000000000e-02,-6.250000000000000000e-02,3.229375000000000000e+02,3.937500000000000000e+00,-6.250000000000000000e-02,-3.562500000000000000e+00,-1.431250000000000000e+01,-6.250000000000000000e-02,1.875000000000000000e+00,-6.250000000000000000e-02,-6.250000000000000000e-02,0.000000000000000000e+00
2.592500000000000000e+02,1.750000000000000000e+00,1.775000000000000000e+02,1.875000000000000000e+00,-1.068750000000000000e+01,-3.750000000000000000e-01,1.312500000000000000e+00,-6.250000000000000000e-02,-6.250000000000000000e-02,3.230000000000000000e+02,3.812500000000000000e+00,-6.250000000000000000e-02,-3.375000000000000000e+00,-1.675000000000000000e+01,1.000000000000000000e+00,2.500000000000000000e+00,-6.250000000000000000e-02,-6.250000000000000000e-02,0.000000000000000000e+00
2.592500000000000000e+02,1.625000000000000000e+00,1.775000000000000000e+02,-1.375000000000000000e+00,-1.287500000000000000e+01,-6.250000000000000000e-02,2.000000000000000000e+00,-6.250000000000000000e-02,-6.250000000000000000e-02,3.230000000000000000e+02,3.812500000000000000e+00,-6.250000000000000000e-02,-4.312500000000000000e+00,-6.250000000000000000e-02,-6.250000000000000000e-02,3.062500000000000000e+00,-6.250000000000000000e-02,-6.250000000000000000e-02,0.000000000000000000e+00
2.592500000000000000e+02,1.437500000000000000e+00,1.775625000000000000e+02,-4.625000000000000000e+00,-6.250000000000000000e-02,-6.250000000000000000e-02,2.937500000000000000e+00,-6.250000000000000000e-02,-6.250000000000000000e-02,3.230000000000000000e+02,3.562500000000000000e+00,-6.250000000000000000e-02,-4.312500000000000000e+00,-6.250000000000000000e-02,-6.250000000000000000e-02,3.062500000000000000e+00,-6.250000000000000000e-02,-6.250000000000000000e-02,0.000000000000000000e+00
2.592500000000000000e+02,1.437500000000000000e+00,1.775625000000000000e+02,-6.062500000000000000e+00,-6.250000000000000000e-02,-6.250000000000000000e-02,3.875000000000000000e+00,-6.250000000000000000e-02,-6.250000000000000000e-02,3.230000000000000000e+02,3.375000000000000000e+00,-1.600000000000000000e+01,-4.250000000000000000e+00,-6.250000000000000000e-02,-6.250000000000000000e-02,3.562500000000000000e+00,-6.250000000000000000e-02,-6.250000000000000000e-02,0.000000000000000000e+00
2.593125000000000000e+02,1.250000000000000000e+00,1.776250000000000000e+02,-4.687500000000000000e+00,-6.250000000000000000e-02,-6.250000000000000000e-02,1.687500000000000000e+00,-6.250000000000000000e-02,-6.250000000000000000e-02,3.230000000000000000e+02,3.125000000000000000e+00,-1.600000000000000000e+01,-1.625000000000000000e+00,-2.600000000000000000e+01,-2.437500000000000000e+00,3.062500000000000000e+00,-6.250000000000000000e-02,-6.250000000000000000e-02,0.000000000000000000e+00
2.593125000000000000e+02,1.062500000000000000e+00,1.776875000000000000e+02,-4.687500000000000000e+00,-6.250000000000000000e-02,-6.250000000000000000e-02,1.625000000000000000e+00,1.250000000000000000e-01,-6.250000000000000000e-02,3.229375000000000000e+02,2.812500000000000000e+00,-1.600000000000000000e+01,1.812500000000000000e+00,-1.343750000000000000e+01,-6.250000000000000000e-02,1.937500000000000000e+00,-6.250000000000000000e-02,-6.250000000000000000e-02,0.000000000000000000e+00
2.593125000000000000e+02,8.125000000000000000e-01,1.776875000000000000e+02,-1.312500000000000000e+00,-2.537500000000000000e+01,2.500000000000000000e-01,1.625000000000000000e+00,1.250000000000000000e-01,-6.250000000000000000e-02,3.229375000000000000e+02,2.500000000000000000e+00,-6.250000000000000000e-02,7.125000000000000000e+00,-1.525000000000000000e+01,-6.250000000000000000e-02,5.000000000000000000e-01,5.937500000000000000e+00,-6.250000000000000000e-02,0.000000000000000000e+00
2.592500000000000000e+02,5.625000000000000000e-01,1.776250000000000000e+02,7.000000000000000000e+00,-1.331250000000000000e+01,-6.250000000000000000e-02,-3.125000000000000000e-01,8.687500000000000000e+00,-6.250000000000000000e-02,3.228750000000000000e+02,2.187500000000000000e+00,-6.250000000000000000e-02,9.250000000000000000e+00,-6.250000000000000000e-02,-6.250000000000000000e-02,-1.875000000000000000e-01,7.875000000000000000e+00,-6.250000000000000000e-02,0.000000000000000000e+00
2.592500000000000000e+02,2.500000000000000000e-01,1.775625000000000000e+02,6.750000000000000000e+00,-1.518750000000000000e+01,-6.250000000000000000e-02,0.000000000000000000e+00,7.500000000000000000e+00,-6.250000000000000000e-02,3.228125000000000000e+02,1.812500000000000000e+00,-6.250000000000000000e-02,7.062500000000000000e+00,-6.250000000000000000e-02,-6.250000000000000000e-02,-5.000000000000000000e-01,8.375000000000000000e+00,-6.250000000000000000e-02,0.000000000000000000e+00
2.592500000000000000e+02,0.000000000000000000e+00,1.775000000000000000e+02,2.812500000000000000e+00,-6.250000000000000000e-02,-6.250000000000000000e-02,5.625000000000000000e-01,6.250000000000000000e+00,-6.250000000000000000e-02,3.228125000000000000e+02,1.500000000000000000e+00,-6.250000000000000000e-02,1.375000000000000000e+00,-6.250000000000000000e-02,-6.250000000000000000e-02,-5.000000000000000000e-01,3.875000000000000000e+00,-6.250000000000000000e-02,0.000000000000000000e+00
2.592500000000000000e+02,-6.250000000000000000e-02,-6.250000000000000000e-02,2.812500000000000000e+00,-6.250000000000000000e-02,-6.250000000000000000e-02,5.625000000000000000e-01,6.250000000000000000e+00,-6.250000000000000000e-02,3.227500000000000000e+02,1.125000000000000000e+00,-6.250000000000000000e-02,-3.687500000000000000e+00,-6.375000000000000000e+00,-6.250000000000000000e-02,-5.625000000000000000e-01,1.000000000000000000e+00,-6.250000000000000000e-02,0.000000000000000000e+00
2.591875000000000000e+02,-6.250000000000000000e-02,-6.250000000000000000e-02,-8.750000000000000000e-01,-3.450000000000000000e+01,-5.000000000000000000e-01,5.625000000000000000e-01,2.937500000000000000e+00,-9.000000000000000000e+00,3.227500000000000000e+02,7.500000000000000000e-01,-6.250000000000000000e-02,-6.812500000000000000e+00,-6.250000000000000000e-02,-6.250000000000000000e-02,-5.625000000000000000e-01,6.875000000000000000e-01,-6.250000000000000000e-02,0.000000000000000000e+00
2.591875000000000000e+02,-6.250000000000000000e-02,-6.250000000000000000e-02,-3.187500000000000000e+00,-3.443750000000000000e+01,-6.250000000000000000e-01,-4.375000000000000000e-01,-3.750000000000000000e-01,-7.625000000000000000e+00,3.227500000000000000e+02,7.500000000000000000e-01,-6.250000000000000000e-02,-5.500000000000000000e+00,-6.250000000000000000e-02,-6.250000000000000000e-02,0.000000000000000000e+00,-6.250000000000000000e-02,-6.250000000000000000e-02,0.000000000000000000e+00
2.591875000000000000e+02,-6.250000000000000000e-02,-6.250000000000000000e-02,-2.937500000000000000e+00,-3.512500000000000000e+01,-6.875000000000000000e-01,-3.750000000000000000e-01,-3.125000000000000000e-01,-7.875000000000000000e+00,3.227500000000000000e+02,3.125000000000000000e-01,-6.250000000000000000e-02,-5.500000000000000000e+00,-6.250000000000000000e-02,-6.250000000000000000e-02,0.000000000000000000e+00,-6.250000000000000000e-02,-6.250000000000000000e-02,0.000000000000000000e+00
2.591875000000000000e+02,-6.250000000000000000e-02,-6.250000000000000000e-02,-2.937500000000000000e+00,-3.512500000000000000e+01,-6.875000000000000000e-01,1.875000000000000000e-01,0.000000000000000000e+00,-8.937500000000000000e+00,3.226875000000000000e+02,0.000000000000000000e+00,-6.250000000000000000e-02,2.500000000000000000e-01,-4.006250000000000000e+01,-3.187500000000000000e+00,7.500000000000000000e-01,-6.250000000000000000e-02,-6.250000000000000000e-02,0.000000000000000000e+00
2.591875000000000000e+02,-6.250000000000000000e-02,-6.250000000000000000e-02,2.500000000000000000e-01,-6.250000000000000000e-02,-6.250000000000000000e-02,3.750000000000000000e-01,2.500000000000000000e-01,-6.250000000000000000e-02,3.226875000000000000e+02,-6.250000000000000000e-02,-6.250000000000000000e-02,6.812500000000000000e+00,-6.250000000000000000e-02,-6.250000000000000000e-02,1.625000000000000000e+00,-6.250000000000000000e-02,-6.250000000000000000e-02,0.000000000000000000e+00
2.591875000000000000e+02,-6.250000000000000000e-02,-6.250000000000000000e-02,3.437500000000000000e+00,-6.250000000000000000e-02,-6.250000000000000000e-02,3.750000000000000000e-01,2.500000000000000000e-01,-6.250000000000000000e-02,3.226875000000000000e+02,-6.250000000000000000e-02,-6.250000000000000000e-02,1.250000000000000000e+01,-4.237500000000000000e+01,-4.500000000000000000e+00,1.125000000000000000e+00,-6.250000000000000000e-02,-6.250000000000000000e-02,0.000000000000000000e+00
2.591875000000000000e+02,-6.250000000000000000e-02,-6.250000000000000000e-02,6.625000000000000000e+00,-6.250000000000000000e-02,-6.250000000000000000e-02,9.375000000000000000e-01,5.625000000000000000e-01,-6.250000000000000000e-02,3.226250000000000000e+02,-6.250000000000000000e-02,-6.250000000000000000e-02,1.218750000000000000e+01,-1.243750000000000000e+01,-6.250000000000000000e-02,1.187500000000000000e+00,1.750000000000000000e+00,-6.250000000000000000e-02,0.000000000000000000e+00
2.591875000000000000e+02,-6.250000000000000000e-02,-6.250000000000000000e-02,9.562500000000000000e+00,-4.262500000000000000e+01,-1.375000000000000000e+00,7.500000000000000000e-01,1.062500000000000000e+00,-6.250000000000000000e-02,3.226250000000000000e+02,-6.250000000000000000e-02,-6.250000000000000000e-02,9.625000000000000000e+00,-1.462500000000000000e+01,-6.250000000000000000e-02,1.500000000000000000e+00,2.937500000000000000e+00,-6.250000000000000000e-02,0.000000000000000000e+00
2.591250000000000000e+02,-6.250000000000000000e-02,-6.250000000000000000e-02,9.312500000000000000e+00,-1.218750000000000000e+01,-6.250000000000000000e-02,1.187500000000000000e+00,1.937500000000000000e+00,-6.250000000000000000e-02,3.225625000000000000e+02,-6.250000000000000000e-02,-6.250000000000000000e-02,9.625000000000000000e+00,-1.462500000000000000e+01,-6.250000000000000000e-02,5.000000000000000000e-01,3.187500000000000000e+00,-6.250000000000000000e-02,0.000000000000000000e+00
2.591250000000000000e+02,-6.250000000000000000e-02,-6.250000000000000000e-02,6.750000000000000000e+00,-1.250000000000000000e+01,-6.250000000000000000e-02,5.000000000000000000e-01,2.562500000000000000e+00,-6.250000000000000000e-02,3.225625000000000000e+02,-6.250000000000000000e-02,-6.250000000000000000e-02,6.125000000000000000e+00,-1.600000000000000000e+01,-6.250000000000000000e-02,5.000000000000000000e-01,3.187500000000000000e+00,-6.250000000000000000e-02,0.000000000000000000e+00
2.591250000000000000e+02,-6.250000000000000000e-02,-6.250000000000000000e-02,1.812500000000000000e+00,-4.375000000000000000e+01,-8.750000000000000000e-01,0.000000000000000000e+00,2.437500000000000000e+00,-6.250000000000000000e-02,3.225000000000000000e+02,-6.250000000000000000e-02,-6.250000000000000000e-02,1.125000000000000000e+00,-6.250000000000000000e-02,-6.250000000000000000e-02,3.750000000000000000e-01,3.250000000000000000e+00,-6.250000000000000000e-02,0.000000000000000000e+00
2.590625000000000000e+02,-6.250000000000000000e-02,-6.250000000000000000e-02,1.812500000000000000e+00,-4.375000000000000000e+01,-8.750000000000000000e-01,0.000000000000000000e+00,2.437500000000000000e+00,-6.250000000000000000e-02,3.225000000000000000e+02,-6.250000000000000000e-02,-6.250000000000000000e-02,0.000000000000000000e+00,-6.250000000000000000e-02,-6.250000000000000000e-02,-4.375000000000000000e-01,8.750000000000000000e-01,-6.250000000000000000e-02,0.000000000000000000e+00
2.590625000000000000e+02,-6.250000000000000000e-02,-6.250000000000000000e-02,0.000000000000000000e+00,-4.381250000000000000e+01,-6.875000000000000000e-01,-5.625000000000000000e-01,2.250000000000000000e+00,-6.250000000000000000e-02,3.225000000000000000e+02,-6.250000000000000000e-02,-6.250000000000000000e-02,1.062500000000000000e+00,-6.250000000000000000e-02,-6.250000000000000000e-02,-1.062500000000000000e+00,3.125000000000000000e-01,-6.250000000000000000e-02,0.000000000000000000e+00
2.590625000000000000e+02,-6.250000000000000000e-02,-6.250000000000000000e-02,-3.125000000000000000e-01,-1.312500000000000000e+01,-6.250000000000000000e-02,-2.500000000000000000e-01,2.250000000000000000e+00,-6.250000000000000000e-02,3.225000000000000000e+02,-6.250000000000000000e-02,-6.250000000000000000e-02,1.062500000000000000e+00,-6.250000000000000000e-02,-6.250000000000000000e-02,-1.562500000000000000e+00,-6.875000000000000000e-01,-1.875000000000000000e+00,0.000000000000000000e+00
2.590625000000000000e+02,-6.250000000000000000e-02,-6.250000000000000000e-02,-3.125000000000000000e-01,-1.312500000000000000e+01,-6.250000000000000000e-02,1.250000000000000000e-01,1.375000000000000000e+00,-6.250000000000000000e-02,3.224375000000000000e+02,-6.250000000000000000e-02,-6.250000000000000000e-02,2.875000000000000000e+00,-6.250000000000000000e-02,-6.250000000000000000e-02,-1.562500000000000000e+00,-6.875000000000000000e-01,-1.875000000000000000e+00,0.000000000000000000e+00
2.590000000000000000e+02,-6.250000000000000000e-02,-6.250000000000000000e-02,2.500000000000000000e-01,-1.418750000000000000e+01,-6.250000000000000000e-02,-5.000000000000000000e-01,8.125000000000000000e-01,-6.250000000000000000e-02,3.224375000000000000e+02,-6.250000000000000000e-02,-6.250000000000000000e-02,6.000000000000000000e+00,-6.250000000000000000e-02,-6.250000000000000000e-02,-6.250000000000000000e-01,-6.250000000000000000e-01,-1.625000000000000000e+00,0.000000000000000000e+00
2.590000000000000000e+02,-6.250000000000000000e-02,-6.250000000000000000e-02,3.187500000000000000e+00,-6.250000000000000000e-02,-6.250000000000000000e-02,0.000000000000000000e+00,5.625000000000000000e-01,-6.250000000000000000e-02,3.223750000000000000e+02,-6.250000000000000000e-02,-6.250000000000000000e-02,7.312500000000000000e+00,-5.631250000000000000e+01,-6.250000000000000000e+00,0.000000000000000000e+00,6.250000000000000000e-01,-6.250000000000000000e-02,0.000000000000000000e+00
2.589375000000000000e+02,-6.250000000000000000e-02,-6.250000000000000000e-02,3.937500000000000000e+00,-6.250000000000000000e-02,-6.250000000000000000e-02,0.000000000000000000e+00,5.625000000000000000e-01,-6.250000000000000000e-02,3.223125000000000000e+02,-6.250000000000000000e-02,-6.250000000000000000e-02,9.562500000000000000e+00,-5.756250000000000000e+01,-6.187500000000000000e+00,5.000000000000000000e-01,2.000000000000000000e+00,3.750000000000000000e-01,0.000000000000000000e+00
2.589375000000000000e+02,-6.250000000000000000e-02,-6.250000000000000000e-02,4.937500000000000000e+00,-6.250000000000000000e-02,-6.250000000000000000e-02,1.250000000000000000e+00,2.750000000000000000e+00,-6.250000000000000000e-02,3.223125000000000000e+02,-6.250000000000000000e-02,-6.250000000000000000e-02,1.231250000000000000e+01,-5.918750000000000000e+01,-6.437500000000000000e+00,6.250000000000000000e-01,2.937500000000000000e+00,-6.250000000000000000e-02,0.000000000000000000e+00
2.589375000000000000e+02,-6.250000000000000000e-02,-6.250000000000000000e-02,4.937500000000000000e+00,-6.250000000000000000e-02,-6.250000000000000000e-02,1.187500000000000000e+00,3.125000000000000000e+00,-6.250000000000000000e-02,3.223125000000000000e+02,-6.250000000000000000e-02,-6.250000000000000000e-02,1.231250000000000000e+01,-5.918750000000000000e+01,-6.437500000000000000e+00,6.250000000000000000e-01,2.937500000000000000e+00,-6.250000000000000000e-02,0.000000000000000000e+00
2.589375000000000000e+02,-6.250000000000000000e-02,-6.250000000000000000e-02,5.937500000000000000e+00,-6.250000000000000000e-02,-6.250000000000000000e-02,1.125000000000000000e+00,2.875000000000000000e+00,-6.250000000000000000e-02,3.222500000000000000e+02,-6.250000000000000000e-02,-6.250000000000000000e-02,9.250000000000000000e+00,-1.256250000000000000e+01,-6.250000000000000000e-02,1.312500000000000000e+00,3.187500000000000000e+00,-6.250000000000000000e-02,0.000000000000000000e+00
2.589375000000000000e+02,-6.250000000000000000e-02,-6.250000000000000000e-02,5.437500000000000000e+00,-6.250000000000000000e-02,-6.250000000000000000e-02,1.875000000000000000e-01,2.312500000000000000e+00,-6.250000000000000000e-02,3.221875000000000000e+02,-6.250000000000000000e-02,-6.250000000000000000e-02,7.687500000000000000e+00,-1.381250000000000000e+01,-6.250000000000000000e-02,1.312500000000000000e+00,3.500000000000000000e+00,-6.250000000000000000e-02,0.000000000000000000e+00
2.589375000000000000e+02,-8.437500000000000000e+00,1.769375000000000000e+02,4.375000000000000000e+00,-5.656250000000000000e+01,-1.250000000000000000e-01,0.000000000000000000e+00,1.437500000000000000e+00,-6.250000000000000000e-02,3.221250000000000000e+02,-8.187500000000000000e+00,-1.771875000000000000e+02,5.562500000000000000e+00,-6.250000000000000000e-02,-6.250000000000000000e-02,1.875000000000000000e-01,2.375000000000000000e+00,-6.250000000000000000e-02,0.000000000000000000e+00
2.588750000000000000e+02,-9.000000000000000000e+00,1.768750000000000000e+02,2.437500000000000000e+00,-5.643750000000000000e+01,-6.250000000000000000e-02,0.000000000000000000e+00,1.437500000000000000e+00,-6.250000000000000000e-02,3.221250000000000000e+02,-8.812500000000000000e+00,-1.771875000000000000e+02,3.625000000000000000e+00,-6.250000000000000000e-02,-6.250000000000000000e-02,-8.750000000000000000e-01,9.375000000000000000e-01,-6.250000000000000000e-02,0.000000000000000000e+00
2.588750000000000000e+02,-9.562500000000000000e+00,1.768750000000000000e+02,1.250000000000000000e-01,-5.675000000000000000e+01,-4.375000000000000000e-01,6.250000000000000000e-02,8.125000000000000000e-01,-6.250000000000000000e-02,3.220625000000000000e+02,-9.500000000000000000e+00,-1.772500000000000000e+02,2.562500000000000000e+00,-6.250000000000000000e-02,-6.250000000000000000e-02,-1.937500000000000000e+00,1.250000000000000000e-01,7.500000000000000000e-01,0.000000000000000000e+00
2.588750000000000000e+02,-1.012500000000000000e+01,1.768750000000000000e+02,-1.062500000000000000e+00,-5.818750000000000000e+01,-4.375000000000000000e-01,5.625000000000000000e-01,6.875000000000000000e-01,-6.250000000000000000e-02,3.220625000000000000e+02,-9.500000000000000000e+00,-1.772500000000000000e+02,3.750000000000000000e+00,-6.250000000000000000e-02,-6.250000000000000000e-02,-1.500000000000000000e+00,-3.750000000000000000e-01,6.250000000000000000e-01,0.000000000000000000e+00
2.588750000000000000e+02,-1.012500000000000000e+01,1.768750000000000000e+02,-9.375000000000000000e-01,-1.300000000000000000e+01,-6.250000000000000000e-02,-3.125000000000000000e-01,1.687500000000000000e+00,-6.250000000000000000e-02,3.220000000000000000e+02,-1.018750000000000000e+01,-1.773125000000000000e+02,3.750000000000000000e+00,-6.250000000000000000e-02,-6.250000000000000000e-02,-8.125000000000000000e-01,-4.375000000000000000e-01,-5.625000000000000000e-01,0.000000000000000000e+00
2.588750000000000000e+02,-1.068750000000000000e+01,1.768750000000000000e+02,-1.500000000000000000e+00,-6.493750000000000000e+01,9.375000000000000000e-01,3.125000000000000000e-01,0.000000000000000000e+00,-6.250000000000000000e-02,3.219375000000000000e+02,-1.087500000000000000e+01,-1.773125000000000000e+02,3.562500000000000000e+00,-6.250000000000000000e-02,-6.250000000000000000e-02,1.312500000000000000e+00,-6.250000000000000000e-02,-6.250000000000000000e-02,0.000000000000000000e+00
2.588125000000000000e+02,-1.131250000000000000e+01,1.768750000000000000e+02,8.750000000000000000e-01,-6.250000000000000000e-02,-6.250000000000000000e-02,6.250000000000000000e-01,-6.250000000000000000e-02,-6.250000000000000000e-02,3.218750000000000000e+02,-1.156250000000000000e+01,-1.773750000000000000e+02,4.875000000000000000e+00,-7.218750000000000000e+01,-7.062500000000000000e+00,1.312500000000000000e+00,-6.250000000000000000e-02,-6.250000000000000000e-02,0.000000000000000000e+00
2.588125000000000000e+02,-1.193750000000000000e+01,1.768750000000000000e+02,8.750000000000000000e-01,-6.250000000000000000e-02,-6.250000000000000000e-02,6.250000000000000000e-01,-6.250000000000000000e-02,-6.250000000000000000e-02,3.218750000000000000e+02,-1.231250000000000000e+01,-6.250000000000000000e-02,7.437500000000000000e+00,-7.356250000000000000e+01,-6.687500000000000000e+00,0.000000000000000000e+00,-6.250000000000000000e-02,-6.250000000000000000e-02,0.000000000000000000e+00
2.588125000000000000e+02,-1.262500000000000000e+01,-6.250000000000000000e-02,2.750000000000000000e+00,-6.250000000000000000e-02,-6.250000000000000000e-02,8.125000000000000000e-01,-6.250000000000000000e-02,-6.250000000000000000e-02,3.218125000000000000e+02,-1.300000000000000000e+01,-6.250000000000000000e-02,6.125000000000000000e+00,-1.218750000000000000e+01,-6.250000000000000000e-02,-1.250000000000000000e-01,-1.500000000000000000e+00,0.000000000000000000e+00,0.000000000000000000e+00
2.588125000000000000e+02,-1.331250000000000000e+01,-6.250000000000000000e-02,2.062500000000000000e+00,-6.250000000000000000e-02,-6.250000000000000000e-02,1.250000000000000000e-01,1.250000000000000000e-01,-6.250000000000000000e-02,3.218125000000000000e+02,-1.300000000000000000e+01,-6.250000000000000000e-02,3.000000000000000000e+00,-1.325000000000000000e+01,-6.250000000000000000e-02,-3.750000000000000000e-01,1.875000000000000000e-01,1.875000000000000000e-01,0.000000000000000000e+00
2.588125000000000000e+02,-1.331250000000000000e+01,-6.250000000000000000e-02,1.875000000000000000e-01,-7.337500000000000000e+01,1.750000000000000000e+00,3.750000000000000000e-01,0.000000000000000000e+00,-6.250000000000000000e-02,3.217500000000000000e+02,-1.375000000000000000e+01,-6.250000000000000000e-02,3.000000000000000000e+00,-1.325000000000000000e+01,-6.250000000000000000e-02,-1.687500000000000000e+00,8.437500000000000000e+00,-6.250000000000000000e-02,0.000000000000000000e+00
2.588125000000000000e+02,-1.400000000000000000e+01,-6.250000000000000000e-02,1.875000000000000000e-01,-7.337500000000000000e+01,1.750000000000000000e+00,5.625000000000000000e-01,5.625000000000000000e-01,-6.250000000000000000e-02,3.216875000000000000e+02,-1.456250000000000000e+01,-6.250000000000000000e-02,-1.875000000000000000e-01,-1.543750000000000000e+01,-6.250000000000000000e-02,-1.687500000000000000e+00,4.375000000000000000e-01,-6.250000000000000000e-02,0.000000000000000000e+00
2.588125000000000000e+02,-1.475000000000000000e+01,-6.250000000000000000e-02,-2.187500000000000000e+00,-7.368750000000000000e+01,1.625000000000000000e+00,0.000000000000000000e+00,1.687500000000000000e+00,-6.250000000000000000e-02,3.216250000000000000e+02,-1.531250000000000000e+01,-6.250000000000000000e-02,-2.500000000000000000e+00,-1.587500000000000000e+01,-6.250000000000000000e-02,-1.875000000000000000e-01,0.000000000000000000e+00,1.875000000000000000e+00,0.000000000000000000e+00
2.588125000000000000e+02,-1.550000000000000000e+01,-6.250000000000000000e-02,-3.937500000000000000e+00,-7.543750000000000000e+01,1.687500000000000000e+00,4.375000000000000000e-01,9.375000000000000000e-01,-6.250000000000000000e-02,3.216250000000000000e+02,-6.250000000000000000e-02,-6.250000000000000000e-02,-2.437500000000000000e+00,-8.168750000000000000e+01,-6.812500000000000000e+00,-6.875000000000000000e-01,5.625000000000000000e-01,3.125000000000000000e-01,0.000000000000000000e+00
2.588125000000000000e+02,-6.250000000000000000e-02,-6.250000000000000000e-02,-3.187500000000000000e+00,-1.356250000000000000e+01,-6.250000000000000000e-02,4.375000000000000000e-01,9.375000000000000000e-01,-6.250000000000000000e-02,3.215625000000000000e+02,-6.250000000000000000e-02,-6.250000000000000000e-02,-1.062500000000000000e+00,-8.268750000000000000e+01,-6.875000000000000000e+00,1.250000000000000000e-01,1.125000000000000000e+00,1.812500000000000000e+00,0.000000000000000000e+00
2.588125000000000000e+02,-6.250000000000000000e-02,-6.250000000000000000e-02,-3.500000000000000000e+00,-8.243750000000000000e+01,2.125000000000000000e+00,9.375000000000000000e-01,8.125000000000000000e-01,-6.250000000000000000e-02,3.215625000000000000e+02,-6.250000000000000000e-02,-6.250000000000000000e-02,-1.062500000000000000e+00,-8.268750000000000000e+01,-6.875000000000000000e+00,-6.250000000000000000e-02,5.625000000000000000e-01,2.625000000000000000e+00,0.000000000000000000e+00
2.588125000000000000e+02,-6.250000000000000000e-02,-6.250000000000000000e-02,-3.500000000000000000e+00,-8.243750000000000000e+01,2.125000000000000000e+00,-1.250000000000000000e-01,2.375000000000000000e+00,-6.250000000000000000e-02,3.215000000000000000e+02,-6.250000000000000000e-02,-6.250000000000000000e-02,1.875000000000000000e-01,-6.250000000000000000e-02,-6.250000000000000000e-02,-6.250000000000000000e-02,5.625000000000000000e-01,2.625000000000000000e+00,0.000000000000000000e+00
2.588125000000000000e+02,-6.250000000000000000e-02,-6.250000000000000000e-02,-3.500000000000000000e+00,-8.243750000000000000e+01,2.125000000000000000e+00,-1.125000000000000000e+00,1.937500000000000000e+00,0.000000000000000000e+00,3.214375000000000000e+02,-6.250000000000000000e-02,-6.250000000000000000e-02,-2.500000000000000000e-01,-6.312500000000000000e+00,-6.250000000000000000e-02,-8.125000000000000000e-01,6.250000000000000000e-01,6.250000000000000000e-01,0.000000000000000000e+00
2.588125000000000000e+02,-6.250000000000000000e-02,-6.250000000000000000e-02,-6.812500000000000000e+00,-6.250000000000000000e-02,-6.250000000000000000e-02,-1.500000000000000000e+00,1.250000000000000000e+00,-6.250000000000000000e-02,3.213750000000000000e+02,-6.250000000000000000e-02,-6.250000000000000000e-02,-3.187500000000000000e+00,-7.312500000000000000e+00,-6.250000000000000000e-02,-2.937500000000000000e+00,2.500000000000000000e-01,1.312500000000000000e+00,0.000000000000000000e+00
2.588125000000000000e+02,-6.250000000000000000e-02,-6.250000000000000000e-02,-6.812500000000000000e+00,-6.250000000000000000e-02,-6.250000000000000000e-02,-1.500000000000000000e+00,1.250000000000000000e+00,-6.250000000000000000e-02,3.213125000000000000e+02,-6.250000000000000000e-02,-6.250000000000000000e-02,-4.500000000000000000e+00,-6.250000000000000000e-02,-6.250000000000000000e-02,-2.375000000000000000e+00,-7.500000000000000000e-01,8.750000000000000000e-01,0.000000000000000000e+00
2.588125000000000000e+02,-6.250000000000000000e-02,-6.250000000000000000e-02,-8.750000000000000000e+00,-6.125000000000000000e+00,-6.250000000000000000e-02,-1.875000000000000000e+00,8.125000000000000000e-01,-6.250000000000000000e-02,3.212500000000000000e+02,-6.250000000000000000e-02,-6.250000000000000000e-02,-6.687500000000000000e+00,-6.250000000000000000e-02,-6.250000000000000000e-02,-4.375000000000000000e+00,-6.250000000000000000e-02,-6.250000000000000000e-02,0.000000000000000000e+00
2.588125000000000000e+02,-6.250000000000000000e-02,-6.250000000000000000e-02,-8.875000000000000000e+00,-7.187500000000000000e+00,-6.250000000000000000e-02,-2.187500000000000000e+00,3.750000000000000000e-01,-6.250000000000000000e-02,3.212500000000000000e+02,-6.250000000000000000e-02,-6.250000000000000000e-02,-6.687500000000000000e+00,-6.250000000000000000e-02,-6.250000000000000000e-02,-1.812500000000000000e+00,2.500000000000000000e-01,1.812500000000000000e+00,0.000000000000000000e+00
2.588125000000000000e+02,-6.250000000000000000e-02,-6.250000000000000000e-02,-8.875000000000000000e+00,-7.187500000000000000e+00,-6.250000000000000000e-02,-1.562500000000000000e+00,-2.500000000000000000e-01,3.750000000000000000e-01,3.212500000000000000e+02,-6.250000000000000000e-02,-6.250000000000000000e-02,-5.812500000000000000e+00,-6.250000000000000000e-02,-6.250000000000000000e-02,-1.812500000000000000e+00,2.500000000000000000e-01,1.812500000000000000e+00,0.000000000000000000e+00
2.588125000000000000e+02,-6.250000000000000000e-02,-6.250000000000000000e-02,-8.875000000000000000e+00,-7.187500000000000000e+00,-6.250000000000000000e-02,-1.250000000000000000e+00,-6.250000000000000000e-02,-2.500000000000000000e-01,3.211875000000000000e+02,-6.250000000000000000e-02,-6.250000000000000000e-02,-1.625000000000000000e+00,-1.231250000000000000e+01,-6.250000000000000000e-02,-3.187500000000000000e+00,-3.750000000000000000e-01,1.187500000000000000e+00,0.000000000000000000e+00
2.588125000000000000e+02,-6.250000000000000000e-02,-6.250000000000000000e-02,-1.312500000000000000e+00,-1.381250000000000000e+01,-6.250000000000000000e-02,-6.875000000000000000e-01,1.812500000000000000e+00,2.750000000000000000e+00,3.211250000000000000e+02,-6.250000000000000000e-02,-6.250000000000000000e-02,1.687500000000000000e+00,-1.325000000000000000e+01,-6.250000000000000000e-02,-2.687500000000000000e+00,1.250000000000000000e-01,3.437500000000000000e+00,0.000000000000000000e+00
2.588125000000000000e+02,-6.250000000000000000e-02,-6.250000000000000000e-02,-1.312500000000000000e+00,-1.381250000000000000e+01,-6.250000000000000000e-02,-6.875000000000000000e-01,1.812500000000000000e+00,2.750000000000000000e+00,3.210625000000000000e+02,-2.468750000000000000e+01,-1.775000000000000000e+02,2.625000000000000000e+00,-1.256250000000000000e+01,-6.250000000000000000e-02,-2.625000000000000000e+00,6.250000000000000000e-01,3.625000000000000000e+00,0.000000000000000000e+00
2.588125000000000000e+02,-2.475000000000000000e+01,1.773750000000000000e+02,-2.437500000000000000e+00,-9.668750000000000000e+01,2.750000000000000000e+00,-3.750000000000000000e-01,1.312500000000000000e+00,2.000000000000000000e+00,3.210000000000000000e+02,-2.562500000000000000e+01,-1.775000000000000000e+02,8.750000000000000000e-01,-1.381250000000000000e+01,-6.250000000000000000e-02,-1.750000000000000000e+00,7.500000000000000000e-01,4.375000000000000000e+00,0.000000000000000000e+00
2.588125000000000000e+02,-2.568750000000000000e+01,1.773750000000000000e+02,-1.562500000000000000e+00,-9.825000000000000000e+01,3.250000000000000000e+00,-1.875000000000000000e-01,1.500000000000000000e+00,2.062500000000000000e+00,3.210000000000000000e+02,-2.562500000000000000e+01,-1.775000000000000000e+02,8.750000000000000000e-01,-1.381250000000000000e+01,-6.250000000000000000e-02,-1.375000000000000000e+00,1.250000000000000000e-01,1.562500000000000000e+00,0.000000000000000000e+00
2.588125000000000000e+02,-2.568750000000000000e+01,1.773750000000000000e+02,-1.562500000000000000e+00,-9.825000000000000000e+01,3.250000000000000000e+00,6.250000000000000000e-01,3.125000000000000000e-01,1.875000000000000000e+00,3.210000000000000000e+02,-2.656250000000000000e+01,-1.775000000000000000e+02,1.687500000000000000e+00,-1.556250000000000000e+01,-6.250000000000000000e-02,-1.375000000000000000e+00,1.250000000000000000e-01,1.562500000000000000e+00,0.000000000000000000e+00
2.588125000000000000e+02,-2.668750000000000000e+01,1.773750000000000000e+02,-1.125000000000000000e+00,-9.881250000000000000e+01,3.625000000000000000e+00,6.250000000000000000e-02,1.250000000000000000e+00,7.500000000000000000e-01,3.209375000000000000e+02,-2.750000000000000000e+01,-1.775625000000000000e+02,2.250000000000000000e+00,-1.575000000000000000e+01,-6.250000000000000000e-02,-1.312500000000000000e+00,5.000000000000000000e-01,1.562500000000000000e+00,2.000000000000000042e-03
2.588125000000000000e+02,-2.762500000000000000e+01,1.773750000000000000e+02,-2.000000000000000000e+00,-9.862500000000000000e+01,3.312500000000000000e+00,-1.875000000000000000e-01,6.875000000000000000e-01,-6.250000000000000000e-02,3.209375000000000000e+02,-1.237500000000000000e+01,-6.250000000000000000e-02,2.750000000000000000e+00,-1.418750000000000000e+01,-6.250000000000000000e-02,-4.375000000000000000e-01,3.125000000000000000e-01,2.437500000000000000e+00,0.000000000000000000e+00
2.588125000000000000e+02,-1.256250000000000000e+01,-6.250000000000000000e-02,-2.750000000000000000e+00,-9.900000000000000000e+01,2.875000000000000000e+00,-1.875000000000000000e-01,6.875000000000000000e-01,-6.250000000000000000e-02,3.208750000000000000e+02,-1.331250000000000000e+01,-6.250000000000000000e-02,5.625000000000000000e-01,-1.600000000000000000e+01,-6.250000000000000000e-02,-2.500000000000000000e-01,-6.250000000000000000e-02,2.937500000000000000e+00,0.000000000000000000e+00
2.588125000000000000e+02,-1.356250000000000000e+01,-6.250000000000000000e-02,-3.500000000000000000e+00,-9.925000000000000000e+01,2.437500000000000000e+00,1.875000000000000000e-01,8.125000000000000000e-01,6.875000000000000000e-01,3.208750000000000000e+02,-1.425000000000000000e+01,-6.250000000000000000e-02,-4.375000000000000000e-01,-9.812500000000000000e+01,-4.875000000000000000e+00,-2.687500000000000000e+00,-2.500000000000000000e-01,5.625000000000000000e-01,0.000000000000000000e+00
2.588125000000000000e+02,-1.456250000000000000e+01,-6.250000000000000000e-02,-4.812500000000000000e+00,-6.250000000000000000e-02,-6.250000000000000000e-02,-3.125000000000000000e-01,9.375000000000000000e-01,-6.250000000000000000e-02,3.208750000000000000e+02,-1.425000000000000000e+01,-6.250000000000000000e-02,-4.375000000000000000e-01,-9.812500000000000000e+01,-4.875000000000000000e+00,-9.375000000000000000e-01,-6.250000000000000000e-02,1.875000000000000000e-01,0.000000000000000000e+00
2.588125000000000000e+02,-1.456250000000000000e+01,-6.250000000000000000e-02,-4.812500000000000000e+00,-6.250000000000000000e-02,-6.250000000000000000e-02,-4.375000000000000000e-01,8.125000000000000000e-01,-6.250000000000000000e-02,3.208125000000000000e+02,-1.525000000000000000e+01,-6.250000000000000000e-02,-3.125000000000000000e-01,-9.925000000000000000e+01,-5.687500000000000000e+00,-2.437500000000000000e+00,-2.062500000000000000e+00,1.687500000000000000e+00,0.000000000000000000e+00
2.588125000000000000e+02,-1.556250000000000000e+01,-6.250000000000000000e-02,-4.500000000000000000e+00,-6.250000000000000000e-02,-6.250000000000000000e-02,-3.750000000000000000e-01,8.125000000000000000e-01,1.875000000000000000e-01,3.207500000000000000e+02,-6.250000000000000000e-02,-6.250000000000000000e-02,6.250000000000000000e-01,-6.250000000000000000e-02,-6.250000000000000000e-02,-8.750000000000000000e-01,-6.250000000000000000e-02,9.375000000000000000e-01,0.000000000000000000e+00
2.587500000000000000e+02,-6.250000000000000000e-02,-6.250000000000000000e-02,-4.500000000000000000e+00,-6.250000000000000000e-02,-6.250000000000000000e-02,-5.000000000000000000e-01,5.625000000000000000e-01,1.937500000000000000e+00,3.206875000000000000e+02,-6.250000000000000000e-02,-6.250000000000000000e-02,1.312500000000000000e+00,-6.250000000000000000e-02,-6.250000000000000000e-02,-8.750000000000000000e-01,-6.250000000000000000e-02,9.375000000000000000e-01,0.000000000000000000e+00
2.587500000000000000e+02,-6.250000000000000000e-02,-6.250000000000000000e-02,-3.937500000000000000e+00,-1.042500000000000000e+02,1.875000000000000000e+00,-5.000000000000000000e-01,5.625000000000000000e-01,1.937500000000000000e+00,3.206250000000000000e+02,-6.250000000000000000e-02,-6.250000000000000000e-02,2.187500000000000000e+00,-6.250000000000000000e-02,-6.250000000000000000e-02,-1.000000000000000000e+00,8.750000000000000000e-01,5.625000000000000000e-01,0.000000000000000000e+00
2.587500000000000000e+02,-6.250000000000000000e-02,-6.250000000000000000e-02,-2.750000000000000000e+00,-1.070000000000000000e+02,1.937500000000000000e+00,-1.937500000000000000e+00,1.875000000000000000e-01,-6.250000000000000000e-02,3.205625000000000000e+02,-6.250000000000000000e-02,-6.250000000000000000e-02,3.687500000000000000e+00,-6.250000000000000000e-02,-6.250000000000000000e-02,-5.000000000000000000e-01,1.187500000000000000e+00,6.250000000000000000e-02,0.000000000000000000e+00
2.587500000000000000e+02,-6.250000000000000000e-02,-6.250000000000000000e-02,-2.750000000000000000e+00,-1.068125000000000000e+02,2.062500000000000000e+00,-2.250000000000000000e+00,4.375000000000000000e-01,-6.250000000000000000e-02,3.205625000000000000e+02,-6.250000000000000000e-02,-6.250000000000000000e-02,4.375000000000000000e+00,-6.250000000000000000e-02,-6.250000000000000000e-02,-3.375000000000000000e+00,-3.750000000000000000e-01,-4.375000000000000000e-01,0.000000000000000000e+00
2.587500000000000000e+02,-6.250000000000000000e-02,-6.250000000000000000e-02,-4.000000000000000000e+00,-1.053125000000000000e+02,2.062500000000000000e+00,-2.125000000000000000e+00,2.500000000000000000e-01,-6.250000000000000000e-02,3.205000000000000000e+02,-6.250000000000000000e-02,-6.250000000000000000e-02,4.375000000000000000e+00,-6.250000000000000000e-02,-6.250000000000000000e-02,-3.375000000000000000e+00,-3.750000000000000000e-01,-4.375000000000000000e-01,0.000000000000000000e+00
2.587500000000000000e+02,-6.250000000000000000e-02,-6.250000000000000000e-02,-4.000000000000000000e+00,-1.053125000000000000e+02,2.062500000000000000e+00,-3.000000000000000000e+00,9.375000000000000000e-01,7.500000000000000000e-01,3.204375000000000000e+02,-6.250000000000000000e-02,-6.250000000000000000e-02,2.937500000000000000e+00,-6.250000000000000000e-02,-6.250000000000000000e-02,-2.812500000000000000e+00,-7.500000000000000000e-01,1.625000000000000000e+00,7.000000000000000146e-03
2.586875000000000000e+02,-6.250000000000000000e-02,-6.250000000000000000e-02,-4.125000000000000000e+00,-6.250000000000000000e-02,-6.250000000000000000e-02,-2.500000000000000000e+00,-7.500000000000000000e-01,8.125000000000000000e-01,3.203750000000000000e+02,-6.250000000000000000e-02,-6.250000000000000000e-02,2.187500000000000000e+00,-1.041875000000000000e+02,-8.375000000000000000e+00,-3.250000000000000000e+00,-3.750000000000000000e-01,-1.875000000000000000e-01,0.000000000000000000e+00
2.586875000000000000e+02,-6.250000000000000000e-02,-6.250000000000000000e-02,-3.125000000000000000e+00,-1.054375000000000000e+02,9.375000000000000000e-01,-2.437500000000000000e+00,-6.250000000000000000e-02,-1.250000000000000000e-01,3.203125000000000000e+02,-6.250000000000000000e-02,-6.250000000000000000e-02,4.625000000000000000e+00,-1.040625000000000000e+02,-8.125000000000000000e+00,-2.312500000000000000e+00,-1.250000000000000000e-01,-3.750000000000000000e-01,0.000000000000000000e+00
2.586875000000000000e+02,-6.250000000000000000e-02,-6.250000000000000000e-02,6.250000000000000000e-02,-1.070000000000000000e+02,-1.875000000000000000e-01,-2.437500000000000000e+00,-6.250000000000000000e-02,-1.250000000000000000e-01,3.203125000000000000e+02,-4.018750000000000000e+01,-1.782500000000000000e+02,8.500000000000000000e+00,-1.046250000000000000e+02,-8.375000000000000000e+00,-2.750000000000000000e+00,1.250000000000000000e-01,5.625000000000000000e-01,0.000000000000000000e+00
2.586875000000000000e+02,-4.075000000000000000e+01,1.775625000000000000e+02,1.937500000000000000e+00,-1.061875000000000000e+02,-6.250000000000000000e-01,-1.500000000000000000e+00,6.250000000000000000e-02,-6.250000000000000000e-02,3.202500000000000000e+02,-4.118750000000000000e+01,-1.783750000000000000e+02,1.275000000000000000e+01,-6.250000000000000000e-02,-6.250000000000000000e-02,-1.687500000000000000e+00,-6.250000000000000000e-02,-2.625000000000000000e+00,0.000000000000000000e+00
2.586250000000000000e+02,-4.175000000000000000e+01,1.774375000000000000e+02,3.187500000000000000e+00,-1.054375000000000000e+02,-1.500000000000000000e+00,-3.125000000000000000e-01,2.500000000000000000e-01,1.437500000000000000e+00,3.202500000000000000e+02,-4.118750000000000000e+01,-1.783750000000000000e+02,1.418750000000000000e+01,-6.250000000000000000e-02,-6.250000000000000000e-02,5.625000000000000000e-01,6.250000000000000000e-01,5.000000000000000000e-01,3.000000000000000062e-03
2.586250000000000000e+02,-4.175000000000000000e+01,1.774375000000000000e+02,4.250000000000000000e+00,-1.078750000000000000e+02,-1.062500000000000000e+00,1.250000000000000000e-01,8.125000000000000000e-01,3.375000000000000000e+00,3.202500000000000000e+02,-4.218750000000000000e+01,-1.785625000000000000e+02,1.418750000000000000e+01,-6.250000000000000000e-02,-6.250000000000000000e-02,-2.125000000000000000e+00,1.250000000000000000e-01,2.875000000000000000e+00,5.000000000000000104e-03
2.586250000000000000e+02,-4.281250000000000000e+01,1.773750000000000000e+02,5.625000000000000000e+00,-1.437500000000000000e+01,-6.250000000000000000e-02,8.125000000000000000e-01,1.250000000000000000e-01,4.875000000000000000e+00,3.202500000000000000e+02,-4.318750000000000000e+01,-1.787500000000000000e+02,1.281250000000000000e+01,-1.052500000000000000e+02,-8.312500000000000000e+00,-2.125000000000000000e+00,1.250000000000000000e-01,2.875000000000000000e+00,0.000000000000000000e+00
2.586250000000000000e+02,-4.387500000000000000e+01,1.772500000000000000e+02,5.625000000000000000e+00,-1.437500000000000000e+01,-6.250000000000000000e-02,8.125000000000000000e-01,1.250000000000000000e-01,4.875000000000000000e+00,3.201875000000000000e+02,-1.225000000000000000e+01,-6.250000000000000000e-02,9.812500000000000000e+00,-1.063125000000000000e+02,-7.125000000000000000e+00,-5.625000000000000000e-01,3.750000000000000000e-01,3.312500000000000000e+00,0.000000000000000000e+00
2.642500000000000000e+02,-1.293750000000000000e+01,-6.250000000000000000e-02,6.562500000000000000e+00,-1.275000000000000000e+01,-6.250000000000000000e-02,1.687500000000000000e+00,1.687500000000000000e+00,5.125000000000000000e+00,3.183125000000000000e+02,-1.325000000000000000e+01,-6.250000000000000000e-02,8.187500000000000000e+00,-1.055000000000000000e+02,-6.250000000000000000e+00,-1.062500000000000000e+00,-3.750000000000000000e-01,5.500000000000000000e+00,0.000000000000000000e+00
2.641875000000000000e+02,-1.393750000000000000e+01,-6.250000000000000000e-02,3.562500000000000000e+00,-1.073125000000000000e+02,2.125000000000000000e+00,2.812500000000000000e+00,6.250000000000000000e-02,5.125000000000000000e+00,3.185000000000000000e+02,-1.425000000000000000e+01,-6.250000000000000000e-02,4.437500000000000000e+00,-6.250000000000000000e-02,-6.250000000000000000e-02,3.875000000000000000e+00,-6.250000000000000000e-02,-6.250000000000000000e-02,0.000000000000000000e+00
2.641875000000000000e+02,-1.393750000000000000e+01,-6.250000000000000000e-02,-1.437500000000000000e+00,-1.262500000000000000e+01,-6.250000000000000000e-02,2.437500000000000000e+00,-6.250000000000000000e-02,-6.250000000000000000e-02,3.185000000000000000e+02,-1.425000000000000000e+01,-6.250000000000000000e-02,4.437500000000000000e+00,-6.250000000000000000e-02,-6.250000000000000000e-02,-1.062500000000000000e+00,-2.187500000000000000e+00,0.000000000000000000e+00,0.000000000000000000e+00
2.640625000000000000e+02,-1.500000000000000000e+01,-6.250000000000000000e-02,-1.437500000000000000e+00,-1.262500000000000000e+01,-6.250000000000000000e-02,2.250000000000000000e+00,-6.250000000000000000e-02,-6.250000000000000000e-02,3.186875000000000000e+02,-1.518750000000000000e+01,-6.250000000000000000e-02,2.312500000000000000e+00,-6.250000000000000000e-02,-6.250000000000000000e-02,-1.062500000000000000e+00,-2.187500000000000000e+00,0.000000000000000000e+00,0.000000000000000000e+00
2.638125000000000000e+02,-1.600000000000000000e+01,-6.250000000000000000e-02,-4.125000000000000000e+00,-6.250000000000000000e-02,-6.250000000000000000e-02,3.875000000000000000e+00,-6.250000000000000000e-02,-6.250000000000000000e-02,3.187500000000000000e+02,-6.250000000000000000e-02,-6.250000000000000000e-02,6.875000000000000000e-01,-6.250000000000000000e-02,-6.250000000000000000e-02,2.562500000000000000e+00,1.250000000000000000e-01,7.062500000000000000e+00,0.000000000000000000e+00
2.635625000000000000e+02,-6.250000000000000000e-02,-6.250000000000000000e-02,-5.687500000000000000e+00,-6.250000000000000000e-02,-6.250000000000000000e-02,3.875000000000000000e+00,-6.250000000000000000e-02,-6.250000000000000000e-02,3.189375000000000000e+02,-6.250000000000000000e-02,-6.250000000000000000e-02,3.812500000000000000e+00,-6.250000000000000000e-02,-6.250000000000000000e-02,-1.250000000000000000e-01,-3.500000000000000000e+00,4.562500000000000000e+00,0.000000000000000000e+00
2.633750000000000000e+02,-6.250000000000000000e-02,-6.250000000000000000e-02,-5.250000000000000000e+00,-6.250000000000000000e-02,-6.250000000000000000e-02,3.437500000000000000e+00,-6.250000000000000000e-02,-6.250000000000000000e-02,3.190625000000000000e+02,-6.250000000000000000e-02,-6.250000000000000000e-02,1.875000000000000000e+00,-6.250000000000000000e-02,-6.250000000000000000e-02,2.875000000000000000e+00,-6.250000000000000000e-02,-6.250000000000000000e-02,0.000000000000000000e+00
2.633750000000000000e+02,-6.250000000000000000e-02,-6.250000000000000000e-02,-5.250000000000000000e+00,-6.250000000000000000e-02,-6.250000000000000000e-02,3.437500000000000000e+00,-6.250000000000000000e-02,-6.250000000000000000e-02,3.190625000000000000e+02,-6.250000000000000000e-02,-6.250000000000000000e-02,1.875000000000000000e+00,-6.250000000000000000e-02,-6.250000000000000000e-02,2.875000000000000000e+00,-6.250000000000000000e-02,-6.250000000000000000e-02,0.000000000000000000e+00
2.631875000000000000e+02,-6.250000000000000000e-02,-6.250000000000000000e-02,-3.500000000000000000e+00,-1.318750000000000000e+01,-6.250000000000000000e-02,2.500000000000000000e+00,-6.250000000000000000e-02,-6.250000000000000000e-02,3.191875000000000000e+02,-6.250000000000000000e-02,-6.250000000000000000e-02,2.937500000000000000e+00,-6.250000000000000000e-02,-6.250000000000000000e-02,3.312500000000000000e+00,-6.250000000000000000e-02,-6.250000000000000000e-02,0.000000000000000000e+00
2.631250000000000000e+02,-6.250000000000000000e-02,-6.250000000000000000e-02,3.375000000000000000e+00,-1.212500000000000000e+01,-6.250000000000000000e-02,6.187500000000000000e+00,-6.250000000000000000e-02,-6.250000000000000000e-02,3.194375000000000000e+02,-6.250000000000000000e-02,-6.250000000000000000e-02,8.687500000000000000e+00,-6.250000000000000000e-02,-6.250000000000000000e-02,4.437500000000000000e+00,-6.250000000000000000e-02,-6.250000000000000000e-02,0.000000000000000000e+00
2.631250000000000000e+02,-6.250000000000000000e-02,-6.250000000000000000e-02,5.687500000000000000e+00,-6.250000000000000000e-02,-6.250000000000000000e-02,6.375000000000000000e+00,-6.250000000000000000e-02,-6.250000000000000000e-02,3.197500000000000000e+02,-6.250000000000000000e-02,-6.250000000000000000e-02,8.625000000000000000e+00,-6.250000000000000000e-02,-6.250000000000000000e-02,5.250000000000000000e+00,-6.250000000000000000e-02,-6.250000000000000000e-02,0.000000000000000000e+00
2.630625000000000000e+02,-6.250000000000000000e-02,-6.250000000000000000e-02,3.250000000000000000e+00,-6.250000000000000000e-02,-6.250000000000000000e-02,6.750000000000000000e+00,-6.250000000000000000e-02,-6.250000000000000000e-02,3.199375000000000000e+02,-6.250000000000000000e-02,-6.250000000000000000e-02,7.750000000000000000e+00,-6.250000000000000000e-02,-6.250000000000000000e-02,6.000000000000000000e+00,1.125000000000000000e+00,7.187500000000000000e+00,0.000000000000000000e+00
2.629375000000000000e+02,-6.250000000000000000e-02,-6.250000000000000000e-02,5.625000000000000000e-01,-1.387500000000000000e+01,-6.250000000000000000e-02,7.250000000000000000e+00,-6.250000000000000000e-02,-6.250000000000000000e-02,3.201250000000000000e+02,-6.250000000000000000e-02,-6.250000000000000000e-02,4.687500000000000000e+00,-6.250000000000000000e-02,-6.250000000000000000e-02,5.562500000000000000e+00,1.375000000000000000e+00,5.875000000000000000e+00,0.000000000000000000e+00
2.629375000000000000e+02,-6.250000000000000000e-02,-6.250000000000000000e-02,-2.500000000000000000e-01,-1.078750000000000000e+02,2.500000000000000000e+00,7.687500000000000000e+00,7.500000000000000000e-01,-6.250000000000000000e-02,3.201250000000000000e+02,-6.250000000000000000e-02,-6.250000000000000000e-02,4.687500000000000000e+00,-6.250000000000000000e-02,-6.250000000000000000e-02,3.062500000000000000e+00,0.000000000000000000e+00,5.500000000000000000e+00,0.000000000000000000e+00
2.628750000000000000e+02,-5.650000000000000000e+01,1.768125000000000000e+02,-2.500000000000000000e-01,-1.078750000000000000e+02,2.500000000000000000e+00,7.437500000000000000e+00,1.125000000000000000e+00,7.500000000000000000e+00,3.202500000000000000e+02,-6.250000000000000000e-02,-6.250000000000000000e-02,2.937500000000000000e+00,-6.250000000000000000e-02,-6.250000000000000000e-02,2.875000000000000000e+00,3.750000000000000000e-01,6.062500000000000000e+00,0.000000000000000000e+00
2.627500000000000000e+02,-5.756250000000000000e+01,1.767500000000000000e+02,4.375000000000000000e-01,-1.293750000000000000e+01,-6.250000000000000000e-02,5.937500000000000000e+00,1.000000000000000000e+00,6.625000000000000000e+00,3.203125000000000000e+02,-5.687500000000000000e+01,1.795000000000000000e+02,1.750000000000000000e+00,-1.450000000000000000e+01,-6.250000000000000000e-02,1.875000000000000000e+00,-6.250000000000000000e-02,-6.250000000000000000e-02,0.000000000000000000e+00
2.626875000000000000e+02,-5.862500000000000000e+01,1.766250000000000000e+02,9.375000000000000000e-01,-1.337500000000000000e+01,-6.250000000000000000e-02,3.312500000000000000e+00,3.125000000000000000e-01,7.937500000000000000e+00,3.203750000000000000e+02,-5.781250000000000000e+01,1.793750000000000000e+02,1.937500000000000000e+00,-1.375000000000000000e+01,-6.250000000000000000e-02,1.875000000000000000e+00,-6.250000000000000000e-02,-6.250000000000000000e-02,0.000000000000000000e+00
2.626250000000000000e+02,-5.962500000000000000e+01,1.765625000000000000e+02,1.062500000000000000e+00,-1.070000000000000000e+02,1.562500000000000000e+00,3.312500000000000000e+00,3.125000000000000000e-01,7.937500000000000000e+00,3.205000000000000000e+02,-5.868750000000000000e+01,1.791875000000000000e+02,4.375000000000000000e+00,-9.100000000000000000e+01,-6.875000000000000000e+00,2.437500000000000000e+00,-6.250000000000000000e-02,-6.250000000000000000e-02,0.000000000000000000e+00
2.626250000000000000e+02,-1.262500000000000000e+01,-6.250000000000000000e-02,2.125000000000000000e+00,-1.055000000000000000e+02,1.375000000000000000e+00,3.125000000000000000e+00,4.375000000000000000e-01,-6.250000000000000000e-02,3.206875000000000000e+02,-5.956250000000000000e+01,1.789375000000000000e+02,6.562500000000000000e+00,-1.212500000000000000e+01,-6.250000000000000000e-02,2.750000000000000000e+00,-6.250000000000000000e-02,-6.250000000000000000e-02,0.000000000000000000e+00
2.625625000000000000e+02,-1.368750000000000000e+01,-6.250000000000000000e-02,3.125000000000000000e+00,-1.061875000000000000e+02,1.187500000000000000e+00,3.437500000000000000e+00,7.500000000000000000e-01,-6.250000000000000000e-02,3.206875000000000000e+02,-5.956250000000000000e+01,1.789375000000000000e+02,7.250000000000000000e+00,-1.306250000000000000e+01,-6.250000000000000000e-02,3.500000000000000000e+00,-6.250000000000000000e-02,-6.250000000000000000e-02,0.000000000000000000e+00
2.625625000000000000e+02,-1.368750000000000000e+01,-6.250000000000000000e-02,3.125000000000000000e+00,-1.061875000000000000e+02,1.187500000000000000e+00,3.500000000000000000e+00,-6.250000000000000000e-02,-6.250000000000000000e-02,3.208750000000000000e+02,-1.243750000000000000e+01,-6.250000000000000000e-02,7.250000000000000000e+00,-1.306250000000000000e+01,-6.250000000000000000e-02,3.500000000000000000e+00,-6.250000000000000000e-02,-6.250000000000000000e-02,0.000000000000000000e+00
2.625625000000000000e+02,-1.468750000000000000e+01,-6.250000000000000000e-02,2.125000000000000000e+00,-1.072500000000000000e+02,1.500000000000000000e+00,4.312500000000000000e+00,-6.250000000000000000e-02,-6.250000000000000000e-02,3.210625000000000000e+02,-1.337500000000000000e+01,-6.250000000000000000e-02,6.250000000000000000e+00,-1.375000000000000000e+01,-6.250000000000000000e-02,1.937500000000000000e+00,-6.250000000000000000e-02,-6.250000000000000000e-02,0.000000000000000000e+00
2.624375000000000000e+02,-1.568750000000000000e+01,-6.250000000000000000e-02,-2.375000000000000000e+00,-6.625000000000000000e+00,-6.250000000000000000e-02,5.625000000000000000e+00,-6.250000000000000000e-02,-6.250000000000000000e-02,3.211875000000000000e+02,-1.425000000000000000e+01,-6.250000000000000000e-02,3.062500000000000000e+00,-1.437500000000000000e+01,-6.250000000000000000e-02,3.687500000000000000e+00,-6.250000000000000000e-02,-6.250000000000000000e-02,0.000000000000000000e+00
2.622500000000000000e+02,-6.250000000000000000e-02,-6.250000000000000000e-02,-7.437500000000000000e+00,-6.250000000000000000e-02,-6.250000000000000000e-02,5.625000000000000000e+00,-6.250000000000000000e-02,-6.250000000000000000e-02,3.211875000000000000e+02,-1.518750000000000000e+01,-6.250000000000000000e-02,-6.250000000000000000e-02,-1.393750000000000000e+01,-6.250000000000000000e-02,5.375000000000000000e+00,-6.250000000000000000e-02,-6.250000000000000000e-02,0.000000000000000000e+00
2.620625000000000000e+02,-8.812500000000000000e+00,-6.250000000000000000e-02,-1.000000000000000000e+01,-1.581250000000000000e+01,-6.250000000000000000e-02,-2.041375000000000000e+03,-6.250000000000000000e-02,-6.250000000000000000e-02,3.211875000000000000e+02,-6.250000000000000000e-02,-6.250000000000000000e-02,-2.125000000000000000e+00,-9.118750000000000000e+01,-5.625000000000000000e+00,-2.042187500000000000e+03,-6.250000000000000000e-02,-6.250000000000000000e-02,0.000000000000000000e+00
2.620625000000000000e+02,-6.250000000000000000e-02,-6.250000000000000000e-02,-9.625000000000000000e+00,-1.462500000000000000e+01,-6.250000000000000000e-02,8.375000000000000000e+00,-6.250000000000000000e-02,-6.250000000000000000e-02,3.211875000000000000e+02,-6.250000000000000000e-02,-6.250000000000000000e-02,-2.125000000000000000e+00,-9.118750000000000000e+01,-5.625000000000000000e+00,6.875000000000000000e+00,-6.250000000000000000e-02,-6.250000000000000000e-02,0.000000000000000000e+00
2.618750000000000000e+02,-6.250000000000000000e-02,-6.250000000000000000e-02,-9.625000000000000000e+00,-1.462500000000000000e+01,-6.250000000000000000e-02,8.375000000000000000e+00,-6.250000000000000000e-02,-6.250000000000000000e-02,3.211875000000000000e+02,-6.250000000000000000e-02,-6.250000000000000000e-02,-4.250000000000000000e+00,-6.250000000000000000e-02,-6.250000000000000000e-02,6.875000000000000000e+00,-6.250000000000000000e-02,-6.250000000000000000e-02,0.000000000000000000e+00
2.616875000000000000e+02,-6.250000000000000000e-02,-6.250000000000000000e-02,-1.050000000000000000e+01,-1.212500000000000000e+01,-6.250000000000000000e-02,8.562500000000000000e+00,-6.250000000000000000e-02,-6.250000000000000000e-02,3.211250000000000000e+02,-6.250000000000000000e-02,-6.250000000000000000e-02,-5.250000000000000000e+00,-6.250000000000000000e-02,-6.250000000000000000e-02,6.562500000000000000e+00,-6.250000000000000000e-02,-6.250000000000000000e-02,0.000000000000000000e+00
2.615000000000000000e+02,-6.250000000000000000e-02,-6.250000000000000000e-02,-1.006250000000000000e+01,-9.187500000000000000e+01,4.375000000000000000e-01,8.312500000000000000e+00,-6.250000000000000000e-02,-6.250000000000000000e-02,3.211250000000000000e+02,-6.250000000000000000e-02,-6.250000000000000000e-02,-1.750000000000000000e+00,-7.443750000000000000e+01,-8.375000000000000000e+00,5.625000000000000000e+00,7.500000000000000000e-01,-6.250000000000000000e-02,0.000000000000000000e+00
2.611875000000000000e+02,-6.250000000000000000e-02,-6.250000000000000000e-02,-7.187500000000000000e+00,-6.250000000000000000e-02,-6.250000000000000000e-02,6.500000000000000000e+00,1.562500000000000000e+00,9.375000000000000000e-01,3.211875000000000000e+02,-6.250000000000000000e-02,-6.250000000000000000e-02,-1.500000000000000000e+00,-7.375000000000000000e+00,-6.250000000000000000e-02,4.250000000000000000e+00,7.500000000000000000e-01,-6.250000000000000000e-02,0.000000000000000000e+00
2.611875000000000000e+02,-6.250000000000000000e-02,-6.250000000000000000e-02,-7.187500000000000000e+00,-6.250000000000000000e-02,-6.250000000000000000e-02,4.312500000000000000e+00,2.125000000000000000e+00,5.625000000000000000e-01,3.211875000000000000e+02,-6.250000000000000000e-02,-6.250000000000000000e-02,-1.500000000000000000e+00,-7.375000000000000000e+00,-6.250000000000000000e-02,3.500000000000000000e+00,1.312500000000000000e+00,-6.250000000000000000e-02,0.000000000000000000e+00
2.610625000000000000e+02,-6.250000000000000000e-02,-6.250000000000000000e-02,-6.750000000000000000e+00,-6.250000000000000000e-02,-6.250000000000000000e-02,4.312500000000000000e+00,2.125000000000000000e+00,5.625000000000000000e-01,3.212500000000000000e+02,-6.250000000000000000e-02,-6.250000000000000000e-02,-1.687500000000000000e+00,-4.187500000000000000e+00,-6.250000000000000000e-02,3.500000000000000000e+00,1.312500000000000000e+00,-6.250000000000000000e-02,0.000000000000000000e+00
2.608750000000000000e+02,-6.250000000000000000e-02,-6.250000000000000000e-02,-8.750000000000000000e+00,-8.350000000000000000e+01,2.000000000000000000e+00,2.875000000000000000e+00,1.625000000000000000e+00,-6.250000000000000000e-02,3.213125000000000000e+02,-6.250000000000000000e-02,-6.250000000000000000e-02,-2.500000000000000000e-01,-4.562500000000000000e+00,-6.250000000000000000e-02,9.375000000000000000e-01,6.250000000000000000e-02,-6.250000000000000000e-02,0.000000000000000000e+00
2.606875000000000000e+02,-7.243750000000000000e+01,1.757500000000000000e+02,-9.000000000000000000e+00,-1.531250000000000000e+01,-6.250000000000000000e-02,0.000000000000000000e+00,4.375000000000000000e-01,8.750000000000000000e-01,3.213750000000000000e+02,-6.250000000000000000e-02,-6.250000000000000000e-02,1.937500000000000000e+00,-6.250000000000000000e-02,-6.250000000000000000e-02,9.375000000000000000e-01,6.250000000000000000e-02,-6.250000000000000000e-02,0.000000000000000000e+00
2.605625000000000000e+02,-7.318750000000000000e+01,1.756875000000000000e+02,-6.875000000000000000e+00,-6.250000000000000000e-02,-6.250000000000000000e-02,0.000000000000000000e+00,4.375000000000000000e-01,8.750000000000000000e-01,3.214375000000000000e+02,-6.250000000000000000e-02,-6.250000000000000000e-02,4.250000000000000000e+00,-6.250000000000000000e-02,-6.250000000000000000e-02,-1.875000000000000000e-01,-1.625000000000000000e+00,-3.500000000000000000e+00,0.000000000000000000e+00
2.604375000000000000e+02,-7.387500000000000000e+01,1.756250000000000000e+02,-6.062500000000000000e+00,-6.250000000000000000e-02,-6.250000000000000000e-02,-9.375000000000000000e-01,5.000000000000000000e-01,-6.250000000000000000e-02,3.215625000000000000e+02,-6.250000000000000000e-02,-6.250000000000000000e-02,4.562500000000000000e+00,-1.462500000000000000e+01,-6.250000000000000000e-02,-5.000000000000000000e-01,-1.000000000000000000e+00,-4.687500000000000000e+00,0.000000000000000000e+00
2.603750000000000000e+02,-7.450000000000000000e+01,1.755625000000000000e+02,-5.125000000000000000e+00,-6.250000000000000000e-02,-6.250000000000000000e-02,-1.250000000000000000e+00,-1.250000000000000000e-01,-3.750000000000000000e-01,3.216875000000000000e+02,-6.250000000000000000e-02,-6.250000000000000000e-02,4.250000000000000000e+00,-5.906250000000000000e+01,-6.312500000000000000e+00,-2.250000000000000000e+00,-1.875000000000000000e-01,-6.937500000000000000e+00,0.000000000000000000e+00
2.602500000000000000e+02,-7.512500000000000000e+01,1.754375000000000000e+02,-5.000000000000000000e+00,-6.250000000000000000e-02,-6.250000000000000000e-02,-3.375000000000000000e+00,-6.250000000000000000e-02,-1.500000000000000000e+00,3.216875000000000000e+02,-6.250000000000000000e-02,-6.250000000000000000e-02,3.625000000000000000e+00,-6.250000000000000000e-02,-6.250000000000000000e-02,-2.375000000000000000e+00,2.500000000000000000e-01,-6.250000000000000000e-02,0.000000000000000000e+00
2.602500000000000000e+02,-7.512500000000000000e+01,1.754375000000000000e+02,-5.000000000000000000e+00,-6.250000000000000000e-02,-6.250000000000000000e-02,-3.250000000000000000e+00,8.750000000000000000e-01,-6.250000000000000000e-02,3.217500000000000000e+02,-7.218750000000000000e+01,1.745000000000000000e+02,3.625000000000000000e+00,-6.250000000000000000e-02,-6.250000000000000000e-02,-2.875000000000000000e+00,4.375000000000000000e-01,-6.250000000000000000e-02,0.000000000000000000e+00
2.601875000000000000e+02,-7.568750000000000000e+01,1.753125000000000000e+02,-6.000000000000000000e+00,-6.250000000000000000e-02,-6.250000000000000000e-02,-2.750000000000000000e+00,2.500000000000000000e-01,-6.250000000000000000e-02,3.218125000000000000e+02,-7.268750000000000000e+01,1.741875000000000000e+02,2.750000000000000000e+00,-6.250000000000000000e-02,-6.250000000000000000e-02,-2.875000000000000000e+00,4.375000000000000000e-01,-6.250000000000000000e-02,0.000000000000000000e+00
2.600625000000000000e+02,-1.225000000000000000e+01,-6.250000000000000000e-02,-7.250000000000000000e+00,-6.250000000000000000e-02,-6.250000000000000000e-02,-2.750000000000000000e+00,2.500000000000000000e-01,-6.250000000000000000e-02,3.218750000000000000e+02,-7.318750000000000000e+01,1.738750000000000000e+02,1.687500000000000000e+00,-6.250000000000000000e-02,-6.250000000000000000e-02,-1.125000000000000000e+00,7.500000000000000000e-01,-6.250000000000000000e-02,0.000000000000000000e+00
2.600000000000000000e+02,-1.275000000000000000e+01,-6.250000000000000000e-02,-5.125000000000000000e+00,-6.250000000000000000e-02,-6.250000000000000000e-02,-1.875000000000000000e+00,0.000000000000000000e+00,-6.250000000000000000e-02,3.218750000000000000e+02,-7.362500000000000000e+01,1.735625000000000000e+02,1.750000000000000000e+00,-6.250000000000000000e-02,-6.250000000000000000e-02,-5.625000000000000000e-01,7.500000000000000000e-01,-6.250000000000000000e-02,0.000000000000000000e+00
2.599375000000000000e+02,-1.331250000000000000e+01,-6.250000000000000000e-02,-2.687500000000000000e+00,-5.375000000000000000e+00,-6.250000000000000000e-02,-1.500000000000000000e+00,3.750000000000000000e-01,-6.250000000000000000e-02,3.219375000000000000e+02,-7.406250000000000000e+01,1.733125000000000000e+02,3.062500000000000000e+00,-1.512500000000000000e+01,-6.250000000000000000e-02,1.500000000000000000e+00,0.000000000000000000e+00,-6.250000000000000000e-02,0.000000000000000000e+00
2.599375000000000000e+02,-1.331250000000000000e+01,-6.250000000000000000e-02,-1.812500000000000000e+00,-5.087500000000000000e+01,0.000000000000000000e+00,-1.250000000000000000e+00,-3.750000000000000000e-01,3.125000000000000000e-01,3.219375000000000000e+02,-7.406250000000000000e+01,1.733125000000000000e+02,3.062500000000000000e+00,-1.512500000000000000e+01,-6.250000000000000000e-02,6.250000000000000000e-01,-6.250000000000000000e-02,-6.250000000000000000e-02,0.000000000000000000e+00
2.599375000000000000e+02,-1.381250000000000000e+01,-6.250000000000000000e-02,-1.812500000000000000e+00,-5.087500000000000000e+01,0.000000000000000000e+00,-8.125000000000000000e-01,-1.187500000000000000e+00,6.875000000000000000e-01,3.219375000000000000e+02,-7.450000000000000000e+01,1.730000000000000000e+02,3.375000000000000000e+00,-1.393750000000000000e+01,-6.250000000000000000e-02,6.250000000000000000e-01,-6.250000000000000000e-02,-6.250000000000000000e-02,0.000000000000000000e+00
2.598750000000000000e+02,-1.425000000000000000e+01,-6.250000000000000000e-02,-1.062500000000000000e+00,-4.906250000000000000e+01,-9.375000000000000000e-01,-6.250000000000000000e-01,-5.625000000000000000e-01,-1.500000000000000000e+00,3.220000000000000000e+02,-7.493750000000000000e+01,1.726875000000000000e+02,4.625000000000000000e+00,-1.231250000000000000e+01,-6.250000000000000000e-02,6.250000000000000000e-01,-6.250000000000000000e-02,-6.250000000000000000e-02,0.000000000000000000e+00
2.598750000000000000e+02,-1.468750000000000000e+01,-6.250000000000000000e-02,3.125000000000000000e-01,-6.250000000000000000e-02,-6.250000000000000000e-02,-6.250000000000000000e-01,-5.625000000000000000e-01,-1.500000000000000000e+00,3.221250000000000000e+02,-7.531250000000000000e+01,1.723750000000000000e+02,5.437500000000000000e+00,-4.168750000000000000e+01,-2.250000000000000000e+00,5.000000000000000000e-01,-6.250000000000000000e-02,-6.250000000000000000e-02,0.000000000000000000e+00
2.599375000000000000e+02,-1.518750000000000000e+01,-6.250000000000000000e-02,1.312500000000000000e+00,-1.437500000000000000e+01,-6.250000000000000000e-02,-7.500000000000000000e-01,-1.562500000000000000e+00,-1.437500000000000000e+00,3.221875000000000000e+02,-7.575000000000000000e+01,1.720000000000000000e+02,6.750000000000000000e+00,-4.100000000000000000e+01,-2.187500000000000000e+00,-8.750000000000000000e-01,-1.312500000000000000e+00,-1.500000000000000000e+00,0.000000000000000000e+00
2.599375000000000000e+02,-1.556250000000000000e+01,-6.250000000000000000e-02,1.437500000000000000e+00,-1.212500000000000000e+01,-6.250000000000000000e-02,-5.000000000000000000e-01,-1.937500000000000000e+00,1.375000000000000000e+00,3.223125000000000000e+02,-1.212500000000000000e+01,-6.250000000000000000e-02,7.750000000000000000e+00,-4.012500000000000000e+01,-2.125000000000000000e+00,-8.750000000000000000e-01,-1.312500000000000000e+00,-1.500000000000000000e+00,0.000000000000000000e+00
2.599375000000000000e+02,-1.600000000000000000e+01,-6.250000000000000000e-02,1.437500000000000000e+00,-1.243750000000000000e+01,-6.250000000000000000e-02,-7.500000000000000000e-01,-8.125000000000000000e-01,4.375000000000000000e-01,3.223750000000000000e+02,-1.250000000000000000e+01,-6.250000000000000000e-02,7.375000000000000000e+00,-6.250000000000000000e-02,-6.250000000000000000e-02,-5.000000000000000000e-01,-1.187500000000000000e+00,-3.000000000000000000e+00,0.000000000000000000e+00
2.599375000000000000e+02,-6.250000000000000000e-02,-6.250000000000000000e-02,-5.000000000000000000e-01,-4.237500000000000000e+01,1.875000000000000000e-01,-1.250000000000000000e+00,-1.875000000000000000e-01,6.875000000000000000e-01,3.224375000000000000e+02,-1.281250000000000000e+01,-6.250000000000000000e-02,5.625000000000000000e+00,-6.250000000000000000e-02,-6.250000000000000000e-02,-1.687500000000000000e+00,-1.250000000000000000e+00,-3.125000000000000000e-01,0.000000000000000000e+00
2.598750000000000000e+02,-6.250000000000000000e-02,-6.250000000000000000e-02,-2.750000000000000000e+00,-7.437500000000000000e+00,-6.250000000000000000e-02,-1.250000000000000000e+00,-1.875000000000000000e-01,6.875000000000000000e-01,3.225000000000000000e+02,-1.318750000000000000e+01,-6.250000000000000000e-02,3.312500000000000000e+00,-6.250000000000000000e-02,-6.250000000000000000e-02,-1.437500000000000000e+00,-1.250000000000000000e+00,-1.875000000000000000e+00,0.000000000000000000e+00
2.598750000000000000e+02,-6.250000000000000000e-02,-6.250000000000000000e-02,-4.000000000000000000e+00,-5.625000000000000000e+00,-6.250000000000000000e-02,-1.375000000000000000e+00,-1.875000000000000000e-01,6.875000000000000000e-01,3.225000000000000000e+02,-1.350000000000000000e+01,-6.250000000000000000e-02,1.312500000000000000e+00,-6.250000000000000000e-02,-6.250000000000000000e-02,-1.125000000000000000e+00,-1.562500000000000000e+00,-2.750000000000000000e+00,0.000000000000000000e+00
2.597500000000000000e+02,-6.250000000000000000e-02,-6.250000000000000000e-02,-5.562500000000000000e+00,-6.250000000000000000e-02,-6.250000000000000000e-02,-1.000000000000000000e+00,-1.500000000000000000e+00,3.125000000000000000e-01,3.225000000000000000e+02,-1.375000000000000000e+01,-6.250000000000000000e-02,-1.875000000000000000e-01,-1.518750000000000000e+01,-6.250000000000000000e-02,-1.000000000000000000e+00,-1.750000000000000000e+00,-2.000000000000000000e+00,0.000000000000000000e+00
2.596250000000000000e+02,-6.250000000000000000e-02,-6.250000000000000000e-02,-8.625000000000000000e+00,-3.300000000000000000e+01,6.875000000000000000e-01,-1.062500000000000000e+00,-2.250000000000000000e+00,-6.250000000000000000e-02,3.224375000000000000e+02,-1.406250000000000000e+01,-6.250000000000000000e-02,-2.312500000000000000e+00,-1.337500000000000000e+01,-6.250000000000000000e-02,-1.187500000000000000e+00,-2.812500000000000000e+00,-2.312500000000000000e+00,0.000000000000000000e+00
2.596250000000000000e+02,-6.250000000000000000e-02,-6.250000000000000000e-02,-8.625000000000000000e+00,-3.300000000000000000e+01,6.875000000000000000e-01,-9.375000000000000000e-01,-2.687500000000000000e+00,3.750000000000000000e-01,3.224375000000000000e+02,-1.406250000000000000e+01,-6.250000000000000000e-02,-2.312500000000000000e+00,-1.337500000000000000e+01,-6.250000000000000000e-02,-9.375000000000000000e-01,-3.187500000000000000e+00,-2.437500000000000000e+00,0.000000000000000000e+00
2.595000000000000000e+02,-6.250000000000000000e-02,-6.250000000000000000e-02,-1.037500000000000000e+01,-1.600000000000000000e+01,-6.250000000000000000e-02,-1.125000000000000000e+00,-1.375000000000000000e+00,5.625000000000000000e-01,3.223750000000000000e+02,-1.431250000000000000e+01,-6.250000000000000000e-02,-3.687500000000000000e+00,-2.693750000000000000e+01,-9.375000000000000000e-01,-9.375000000000000000e-01,-3.187500000000000000e+00,-2.437500000000000000e+00,0.000000000000000000e+00
2.593750000000000000e+02,-6.250000000000000000e-02,-6.250000000000000000e-02,-1.037500000000000000e+01,-1.400000000000000000e+01,-6.250000000000000000e-02,-1.125000000000000000e+00,-1.375000000000000000e+00,5.625000000000000000e-01,3.223750000000000000e+02,-1.450000000000000000e+01,-6.250000000000000000e-02,-3.062500000000000000e+00,-2.493750000000000000e+01,-1.500000000000000000e+00,-2.500000000000000000e-01,-2.437500000000000000e+00,-2.625000000000000000e+00,0.000000000000000000e+00
2.593125000000000000e+02,-6.250000000000000000e-02,-6.250000000000000000e-02,-1.000000000000000000e+01,-2.768750000000000000e+01,1.250000000000000000e-01,-1.375000000000000000e+00,-1.250000000000000000e-01,1.875000000000000000e-01,3.224375000000000000e+02,-1.468750000000000000e+01,-6.250000000000000000e-02,-2.000000000000000000e+00,-7.062500000000000000e+00,-6.250000000000000000e-02,-1.000000000000000000e+00,-1.312500000000000000e+00,-2.687500000000000000e+00,0.000000000000000000e+00
2.591875000000000000e+02,-6.250000000000000000e-02,-6.250000000000000000e-02,-7.625000000000000000e+00,-6.250000000000000000e-02,-6.250000000000000000e-02,-1.437500000000000000e+00,1.250000000000000000e+00,-6.250000000000000000e-02,3.224375000000000000e+02,-1.468750000000000000e+01,-6.250000000000000000e-02,-1.500000000000000000e+00,-5.250000000000000000e+00,-6.250000000000000000e-02,-8.125000000000000000e-01,-1.250000000000000000e-01,-2.000000000000000000e+00,0.000000000000000000e+00
2.591875000000000000e+02,-6.250000000000000000e-02,-6.250000000000000000e-02,-7.625000000000000000e+00,-6.250000000000000000e-02,-6.250000000000000000e-02,-1.437500000000000000e+00,1.250000000000000000e+00,-6.250000000000000000e-02,3.224375000000000000e+02,-1.481250000000000000e+01,-6.250000000000000000e-02,-1.500000000000000000e+00,-5.250000000000000000e+00,-6.250000000000000000e-02,-1.750000000000000000e+00,1.875000000000000000e-01,-6.250000000000000000e-02,0.000000000000000000e+00
2.591875000000000000e+02,-6.250000000000000000e-02,-6.250000000000000000e-02,-2.625000000000000000e+00,-2.443750000000000000e+01,2.500000000000000000e-01,-8.125000000000000000e-01,1.062500000000000000e+00,5.625000000000000000e-01,3.224375000000000000e+02,-1.500000000000000000e+01,-6.250000000000000000e-02,4.375000000000000000e-01,-6.250000000000000000e-02,-6.250000000000000000e-02,-8.125000000000000000e-01,8.750000000000000000e-01,-6.250000000000000000e-02,0.000000000000000000e+00
2.591875000000000000e+02,-6.250000000000000000e-02,-6.250000000000000000e-02,5.625000000000000000e-01,-6.250000000000000000e-02,-6.250000000000000000e-02,-8.125000000000000000e-01,1.062500000000000000e+00,5.625000000000000000e-01,3.225000000000000000e+02,-1.518750000000000000e+01,-6.250000000000000000e-02,1.562500000000000000e+00,-6.250000000000000000e-02,-6.250000000000000000e-02,-8.125000000000000000e-01,8.750000000000000000e-01,-6.250000000000000000e-02,0.000000000000000000e+00
2.591875000000000000e+02,-6.250000000000000000e-02,-6.250000000000000000e-02,2.250000000000000000e+00,-6.250000000000000000e-02,-6.250000000000000000e-02,-2.500000000000000000e-01,5.000000000000000000e-01,2.187500000000000000e+00,3.225625000000000000e+02,-1.531250000000000000e+01,-6.250000000000000000e-02,2.812500000000000000e+00,-6.250000000000000000e-02,-6.250000000000000000e-02,0.000000000000000000e+00,6.250000000000000000e-01,-6.250000000000000000e-02,0.000000000000000000e+00
2.592500000000000000e+02,-6.250000000000000000e-02,-6.250000000000000000e-02,4.312500000000000000e+00,-6.250000000000000000e-02,-6.250000000000000000e-02,0.000000000000000000e+00,-6.250000000000000000e-02,-6.250000000000000000e-02,3.225625000000000000e+02,-1.550000000000000000e+01,-6.250000000000000000e-02,4.750000000000000000e+00,-1.462500000000000000e+01,-6.250000000000000000e-02,-6.250000000000000000e-02,-1.250000000000000000e-01,-7.500000000000000000e-01,0.000000000000000000e+00
2.593125000000000000e+02,-6.250000000000000000e-02,-6.250000000000000000e-02,-2.043562500000000000e+03,-6.250000000000000000e-02,-6.250000000000000000e-02,-4.375000000000000000e-01,-9.375000000000000000e-01,5.625000000000000000e-01,3.226250000000000000e+02,-1.562500000000000000e+01,-6.250000000000000000e-02,6.250000000000000000e+00,-1.287500000000000000e+01,-6.250000000000000000e-02,6.250000000000000000e-01,-6.250000000000000000e-02,-6.250000000000000000e-02,0.000000000000000000e+00
2.593125000000000000e+02,-6.250000000000000000e-02,-6.250000000000000000e-02,4.437500000000000000e+00,-6.250000000000000000e-02,-6.250000000000000000e-02,-8.750000000000000000e-01,-7.500000000000000000e-01,5.625000000000000000e-01,3.226250000000000000e+02,-1.562500000000000000e+01,-6.250000000000000000e-02,6.250000000000000000e+00,-1.287500000000000000e+01,-6.250000000000000000e-02,-1.375000000000000000e+00,-2.562500000000000000e+00,-2.687500000000000000e+00,0.000000000000000000e+00
2.593750000000000000e+02,-6.250000000000000000e-02,-6.250000000000000000e-02,3.437500000000000000e+00,-6.250000000000000000e-02,-6.250000000000000000e-02,-8.750000000000000000e-01,-7.500000000000000000e-01,5.625000000000000000e-01,3.226875000000000000e+02,-1.575000000000000000e+01,-6.250000000000000000e-02,6.750000000000000000e+00,-1.250000000000000000e+01,-6.250000000000000000e-02,-1.625000000000000000e+00,-2.687500000000000000e+00,-1.937500000000000000e+00,0.000000000000000000e+00
2.593750000000000000e+02,-6.250000000000000000e-02,-6.250000000000000000e-02,2.062500000000000000e+00,-6.250000000000000000e-02,-6.250000000000000000e-02,-1.500000000000000000e+00,-9.375000000000000000e-01,-3.750000000000000000e-01,3.227500000000000000e+02,-1.581250000000000000e+01,-6.250000000000000000e-02,6.875000000000000000e+00,-1.006250000000000000e+01,1.062500000000000000e+00,-1.625000000000000000e+00,-2.687500000000000000e+00,-1.937500000000000000e+00,0.000000000000000000e+00
2.593750000000000000e+02,-6.250000000000000000e-02,-6.250000000000000000e-02,-6.875000000000000000e-01,-1.475000000000000000e+01,-6.250000000000000000e-02,-2.437500000000000000e+00,-8.750000000000000000e-01,-4.375000000000000000e-01,3.228125000000000000e+02,-1.593750000000000000e+01,-6.250000000000000000e-02,4.000000000000000000e+00,-9.187500000000000000e+00,1.250000000000000000e-01,-1.937500000000000000e+00,-2.500000000000000000e+00,-2.687500000000000000e+00,0.000000000000000000e+00
2.593750000000000000e+02,-6.250000000000000000e-02,-6.250000000000000000e-02,-2.750000000000000000e+00,-1.181250000000000000e+01,-9.375000000000000000e-01,-2.687500000000000000e+00,-3.125000000000000000e-01,8.125000000000000000e-01,3.228125000000000000e+02,-1.600000000000000000e+01,-6.250000000000000000e-02,1.312500000000000000e+00,-6.250000000000000000e-02,-6.250000000000000000e-02,-1.687500000000000000e+00,-2.125000000000000000e+00,-2.000000000000000000e+00,0.000000000000000000e+00
2.593750000000000000e+02,-6.250000000000000000e-02,-6.250000000000000000e-02,-3.375000000000000000e+00,-1.143750000000000000e+01,-3.750000000000000000e-01,-2.812500000000000000e+00,-3.125000000000000000e-01,7.500000000000000000e-01,3.228125000000000000e+02,-1.600000000000000000e+01,-6.250000000000000000e-02,2.500000000000000000e-01,-6.250000000000000000e-02,-6.250000000000000000e-02,-1.750000000000000000e+00,-1.750000000000000000e+00,-1.500000000000000000e+00,0.000000000000000000e+00
2.593125000000000000e+02,-6.250000000000000000e-02,-6.250000000000000000e-02,-3.375000000000000000e+00,-1.143750000000000000e+01,-3.750000000000000000e-01,-2.812500000000000000e+00,-3.125000000000000000e-01,7.500000000000000000e-01,3.228125000000000000e+02,-6.250000000000000000e-02,-6.250000000000000000e-02,2.500000000000000000e-01,-6.250000000000000000e-02,-6.250000000000000000e-02,-1.750000000000000000e+00,-1.750000000000000000e+00,-1.500000000000000000e+00,0.000000000000000000e+00
2.593125000000000000e+02,-6.250000000000000000e-02,-6.250000000000000000e-02,-3.750000000000000000e+00,-9.875000000000000000e+00,-6.250000000000000000e-02,-2.812500000000000000e+00,-1.500000000000000000e+00,0.000000000000000000e+00,3.228125000000000000e+02,-6.250000000000000000e-02,-6.250000000000000000e-02,6.250000000000000000e-02,-6.250000000000000000e-02,-6.250000000000000000e-02,-5.000000000000000000e-01,-1.125000000000000000e+00,-1.250000000000000000e-01,0.000000000000000000e+00
2.592500000000000000e+02,-6.250000000000000000e-02,-6.250000000000000000e-02,-2.875000000000000000e+00,-5.812500000000000000e+00,-6.250000000000000000e-02,-8.125000000000000000e-01,-2.500000000000000000e-01,1.312500000000000000e+00,3.228125000000000000e+02,-6.250000000000000000e-02,-6.250000000000000000e-02,-7.500000000000000000e-01,-5.625000000000000000e+00,-6.250000000000000000e-02,6.250000000000000000e-02,-6.250000000000000000e-02,-6.250000000000000000e-02,0.000000000000000000e+00
2.591875000000000000e+02,-6.250000000000000000e-02,-6.250000000000000000e-02,-2.875000000000000000e+00,-5.812500000000000000e+00,-6.250000000000000000e-02,-7.500000000000000000e-01,-1.312500000000000000e+00,1.562500000000000000e+00,3.228125000000000000e+02,-6.250000000000000000e-02,-6.250000000000000000e-02,-7.500000000000000000e-01,-5.625000000000000000e+00,-6.250000000000000000e-02,0.000000000000000000e+00,-6.250000000000000000e-02,-6.250000000000000000e-02,0.000000000000000000e+00
2.591875000000000000e+02,-6.250000000000000000e-02,-6.250000000000000000e-02,-1.687500000000000000e+00,-5.937500000000000000e+00,-6.250000000000000000e-02,-7.500000000000000000e-01,-1.312500000000000000e+00,1.562500000000000000e+00,3.228125000000000000e+02,-6.250000000000000000e-02,-6.250000000000000000e-02,-7.500000000000000000e-01,-4.625000000000000000e+00,-6.250000000000000000e-02,0.000000000000000000e+00,-6.250000000000000000e-02,-6.250000000000000000e-02,0.000000000000000000e+00
2.591875000000000000e+02,-6.250000000000000000e-02,-6.250000000000000000e-02,-3.375000000000000000e+00,-5.375000000000000000e+00,-6.250000000000000000e-02,-3.125000000000000000e-01,-1.375000000000000000e+00,1.812500000000000000e+00,3.228125000000000000e+02,-6.250000000000000000e-02,-6.250000000000000000e-02,-1.625000000000000000e+00,-3.250000000000000000e+00,-6.875000000000000000e-01,-6.250000000000000000e-01,-1.187500000000000000e+00,-4.375000000000000000e-01,0.000000000000000000e+00
2.591250000000000000e+02,-6.250000000000000000e-02,-6.250000000000000000e-02,-4.312500000000000000e+00,-6.250000000000000000e-02,-6.250000000000000000e-02,-3.125000000000000000e-01,-3.125000000000000000e-01,1.437500000000000000e+00,3.228125000000000000e+02,-6.250000000000000000e-02,-6.250000000000000000e-02,-2.125000000000000000e+00,-1.437500000000000000e+00,-9.375000000000000000e-01,-1.187500000000000000e+00,-1.125000000000000000e+00,-1.000000000000000000e+00,0.000000000000000000e+00
2.590625000000000000e+02,-6.250000000000000000e-02,-6.250000000000000000e-02,-5.125000000000000000e+00,-6.250000000000000000e-02,-6.250000000000000000e-02,-9.375000000000000000e-01,-6.250000000000000000e-02,4.375000000000000000e-01,3.227500000000000000e+02,-6.250000000000000000e-02,-6.250000000000000000e-02,-2.750000000000000000e+00,-1.875000000000000000e-01,-1.312500000000000000e+00,-1.187500000000000000e+00,-1.125000000000000000e+00,-1.000000000000000000e+00,0.000000000000000000e+00
2.590625000000000000e+02,-6.250000000000000000e-02,-6.250000000000000000e-02,-4.750000000000000000e+00,-6.250000000000000000e-02,-6.250000000000000000e-02,-1.187500000000000000e+00,-6.250000000000000000e-02,6.250000000000000000e-02,3.227500000000000000e+02,-6.250000000000000000e-02,-6.250000000000000000e-02,-2.500000000000000000e+00,2.500000000000000000e-01,-6.250000000000000000e-02,-1.375000000000000000e+00,-1.062500000000000000e+00,6.250000000000000000e-02,0.000000000000000000e+00
2.590000000000000000e+02,-6.250000000000000000e-02,-6.250000000000000000e-02,-3.625000000000000000e+00,-1.625000000000000000e+00,-5.000000000000000000e-01,-1.687500000000000000e+00,-1.312500000000000000e+00,5.625000000000000000e-01,3.227500000000000000e+02,-6.250000000000000000e-02,-6.250000000000000000e-02,-2.062500000000000000e+00,1.875000000000000000e-01,-6.250000000000000000e-02,-7.500000000000000000e-01,-1.312500000000000000e+00,1.250000000000000000e-01,0.000000000000000000e+00
2.590000000000000000e+02,-6.250000000000000000e-02,-6.250000000000000000e-02,-3.625000000000000000e+00,-1.625000000000000000e+00,-5.000000000000000000e-01,-1.562500000000000000e+00,-1.687500000000000000e+00,1.187500000000000000e+00,3.227500000000000000e+02,-6.250000000000000000e-02,-6.250000000000000000e-02,-2.062500000000000000e+00,1.875000000000000000e-01,-6.250000000000000000e-02,-5.000000000000000000e-01,-1.937500000000000000e+00,-6.250000000000000000e-01,0.000000000000000000e+00
2.590000000000000000e+02,-6.250000000000000000e-02,-6.250000000000000000e-02,-5.187500000000000000e+00,-6.250000000000000000e-02,-6.250000000000000000e-02,-1.187500000000000000e+00,-1.625000000000000000e+00,1.125000000000000000e+00,3.227500000000000000e+02,-6.250000000000000000e-02,-6.250000000000000000e-02,-2.687500000000000000e+00,-8.125000000000000000e-01,0.000000000000000000e+00,-1.875000000000000000e-01,-2.187500000000000000e+00,1.250000000000000000e-01,0.000000000000000000e+00
2.588750000000000000e+02,-6.250000000000000000e-02,-6.250000000000000000e-02,-7.687500000000000000e+00,-6.250000000000000000e-02,-6.250000000000000000e-02,-1.187500000000000000e+00,-1.625000000000000000e+00,1.125000000000000000e+00,3.227500000000000000e+02,-6.250000000000000000e-02,-6.250000000000000000e-02,-3.000000000000000000e+00,1.875000000000000000e-01,3.125000000000000000e-01,-3.750000000000000000e-01,-1.875000000000000000e+00,-6.875000000000000000e-01,0.000000000000000000e+00
2.588125000000000000e+02,-6.250000000000000000e-02,-6.250000000000000000e-02,-8.125000000000000000e+00,2.937500000000000000e+00,-6.250000000000000000e-02,-7.500000000000000000e-01,-6.875000000000000000e-01,1.250000000000000000e+00,3.226875000000000000e+02,-6.250000000000000000e-02,-6.250000000000000000e-02,-4.000000000000000000e+00,2.250000000000000000e+00,-6.250000000000000000e-02,-3.750000000000000000e-01,-1.187500000000000000e+00,-6.250000000000000000e-01,0.000000000000000000e+00
2.587500000000000000e+02,-6.250000000000000000e-02,-6.250000000000000000e-02,-7.500000000000000000e+00,-6.250000000000000000e-02,-6.250000000000000000e-02,-8.750000000000000000e-01,-1.875000000000000000e-01,1.500000000000000000e+00,3.226875000000000000e+02,-6.250000000000000000e-02,-6.250000000000000000e-02,-4.000000000000000000e+00,2.250000000000000000e+00,-6.250000000000000000e-02,-5.625000000000000000e-01,-3.750000000000000000e-01,-1.000000000000000000e+00,0.000000000000000000e+00
2.586875000000000000e+02,-6.250000000000000000e-02,-6.250000000000000000e-02,-6.250000000000000000e+00,-6.250000000000000000e-02,-6.250000000000000000e-02,-8.750000000000000000e-01,-1.875000000000000000e-01,1.500000000000000000e+00,3.226875000000000000e+02,-6.250000000000000000e-02,-6.250000000000000000e-02,-4.187500000000000000e+00,-6.250000000000000000e-02,-6.250000000000000000e-02,-5.625000000000000000e-01,-3.750000000000000000e-01,-1.000000000000000000e+00,0.000000000000000000e+00
2.586875000000000000e+02,-6.250000000000000000e-02,-6.250000000000000000e-02,-5.562500000000000000e+00,-6.250000000000000000e-02,-6.250000000000000000e-02,-1.375000000000000000e+00,1.250000000000000000e-01,6.875000000000000000e-01,3.226250000000000000e+02,-6.250000000000000000e-02,-6.250000000000000000e-02,-3.687500000000000000e+00,4.937500000000000000e+00,-6.250000000000000000e-02,-1.000000000000000000e+00,-5.000000000000000000e-01,-8.125000000000000000e-01,0.000000000000000000e+00
2.586875000000000000e+02,-6.250000000000000000e-02,-6.250000000000000000e-02,-5.562500000000000000e+00,-6.250000000000000000e-02,-6.250000000000000000e-02,-1.437500000000000000e+00,-1.875000000000000000e-01,9.375000000000000000e-01,3.226250000000000000e+02,-6.250000000000000000e-02,-6.250000000000000000e-02,-2.125000000000000000e+00,5.437500000000000000e+00,-6.250000000000000000e-02,-1.250000000000000000e+00,-5.000000000000000000e-01,-6.875000000000000000e-01,0.000000000000000000e+00
2.586250000000000000e+02,-6.250000000000000000e-02,-6.250000000000000000e-02,-5.000000000000000000e+00,-6.250000000000000000e-02,-6.250000000000000000e-02,-1.437500000000000000e+00,-1.875000000000000000e-01,9.375000000000000000e-01,3.226250000000000000e+02,-6.250000000000000000e-02,-6.250000000000000000e-02,-2.125000000000000000e+00,5.437500000000000000e+00,-6.250000000000000000e-02,-1.437500000000000000e+00,-3.750000000000000000e-01,-1.500000000000000000e+00,0.000000000000000000e+00
2.585625000000000000e+02,-6.250000000000000000e-02,-6.250000000000000000e-02,-3.562500000000000000e+00,5.562500000000000000e+00,-6.250000000000000000e-02,-1.437500000000000000e+00,5.625000000000000000e-01,0.000000000000000000e+00,3.226250000000000000e+02,-6.250000000000000000e-02,-6.250000000000000000e-02,-1.562500000000000000e+00,6.000000000000000000e+00,-6.250000000000000000e-02,-1.437500000000000000e+00,-3.750000000000000000e-01,-1.500000000000000000e+00,0.000000000000000000e+00
2.585625000000000000e+02,-6.250000000000000000e-02,-6.250000000000000000e-02,-3.500000000000000000e+00,5.250000000000000000e+00,-6.250000000000000000e-02,-1.437500000000000000e+00,5.625000000000000000e-01,0.000000000000000000e+00,3.226250000000000000e+02,-1.600000000000000000e+01,-6.250000000000000000e-02,-1.375000000000000000e+00,6.562500000000000000e+00,5.625000000000000000e-01,-6.250000000000000000e-01,-5.625000000000000000e-01,-4.375000000000000000e-01,0.000000000000000000e+00
2.585000000000000000e+02,-6.250000000000000000e-02,-6.250000000000000000e-02,-5.062500000000000000e+00,-6.250000000000000000e-02,-6.250000000000000000e-02,-1.375000000000000000e+00,0.000000000000000000e+00,4.375000000000000000e-01,3.226250000000000000e+02,-1.587500000000000000e+01,-6.250000000000000000e-02,-1.562500000000000000e+00,6.562500000000000000e+00,5.000000000000000000e-01,-3.750000000000000000e-01,-1.000000000000000000e+00,-8.750000000000000000e-01,0.000000000000000000e+00
2.584375000000000000e+02,-6.250000000000000000e-02,-6.250000000000000000e-02,-5.500000000000000000e+00,-6.250000000000000000e-02,-6.250000000000000000e-02,-8.125000000000000000e-01,-6.250000000000000000e-01,8.750000000000000000e-01,3.225625000000000000e+02,-1.581250000000000000e+01,-6.250000000000000000e-02,-2.500000000000000000e+00,6.562500000000000000e+00,1.875000000000000000e-01,-2.500000000000000000e-01,-1.250000000000000000e+00,-5.000000000000000000e-01,0.000000000000000000e+00
2.584375000000000000e+02,-6.250000000000000000e-02,-6.250000000000000000e-02,-5.500000000000000000e+00,-6.250000000000000000e-02,-6.250000000000000000e-02,-8.125000000000000000e-01,-5.625000000000000000e-01,1.062500000000000000e+00,3.225625000000000000e+02,-1.581250000000000000e+01,-6.250000000000000000e-02,-2.625000000000000000e+00,7.187500000000000000e+00,-6.250000000000000000e-02,0.000000000000000000e+00,-6.250000000000000000e-02,-6.250000000000000000e-02,0.000000000000000000e+00
2.583750000000000000e+02,-6.250000000000000000e-02,-6.250000000000000000e-02,-5.250000000000000000e+00,-6.250000000000000000e-02,-6.250000000000000000e-02,-8.125000000000000000e-01,-5.625000000000000000e-01,1.062500000000000000e+00,3.225625000000000000e+02,-1.575000000000000000e+01,-6.250000000000000000e-02,-2.625000000000000000e+00,7.187500000000000000e+00,-6.250000000000000000e-02,-1.250000000000000000e-01,-9.375000000000000000e-01,6.250000000000000000e-01,0.000000000000000000e+00
2.583125000000000000e+02,-6.250000000000000000e-02,-6.250000000000000000e-02,-4.812500000000000000e+00,-6.250000000000000000e-02,-6.250000000000000000e-02,-4.375000000000000000e-01,-3.125000000000000000e-01,1.625000000000000000e+00,3.225625000000000000e+02,-1.568750000000000000e+01,-6.250000000000000000e-02,-2.937500000000000000e+00,7.625000000000000000e+00,-6.250000000000000000e-02,-1.250000000000000000e-01,-9.375000000000000000e-01,6.250000000000000000e-01,0.000000000000000000e+00
2.583125000000000000e+02,-6.250000000000000000e-02,-6.250000000000000000e-02,-3.937500000000000000e+00,8.187500000000000000e+00,-6.250000000000000000e-02,-8.750000000000000000e-01,0.000000000000000000e+00,9.375000000000000000e-01,3.225000000000000000e+02,-1.562500000000000000e+01,-6.250000000000000000e-02,-3.437500000000000000e+00,8.125000000000000000e+00,-6.250000000000000000e-02,-8.125000000000000000e-01,-6.875000000000000000e-01,-3.125000000000000000e-01,0.000000000000000000e+00
2.582500000000000000e+02,-6.250000000000000000e-02,-6.250000000000000000e-02,-3.375000000000000000e+00,8.500000000000000000e+00,-6.250000000000000000e-02,-1.000000000000000000e+00,0.000000000000000000e+00,5.625000000000000000e-01,3.225000000000000000e+02,-1.556250000000000000e+01,-6.250000000000000000e-02,-3.312500000000000000e+00,9.062500000000000000e+00,0.000000000000000000e+00,-8.125000000000000000e-01,-3.125000000000000000e-01,4.375000000000000000e-01,0.000000000000000000e+00
2.582500000000000000e+02,-6.250000000000000000e-02,-6.250000000000000000e-02,-3.250000000000000000e+00,9.437500000000000000e+00,-6.250000000000000000e-02,-1.000000000000000000e+00,-5.625000000000000000e-01,1.000000000000000000e+00,3.225000000000000000e+02,-1.556250000000000000e+01,-6.250000000000000000e-02,-3.375000000000000000e+00,9.000000000000000000e+00,3.750000000000000000e-01,-7.500000000000000000e-01,-4.375000000000000000e-01,0.000000000000000000e+00,0.000000000000000000e+00
2.582500000000000000e+02,-6.250000000000000000e-02,-6.250000000000000000e-02,-3.250000000000000000e+00,9.437500000000000000e+00,-6.250000000000000000e-02,-1.000000000000000000e+00,-5.625000000000000000e-01,1.000000000000000000e+00,3.224375000000000000e+02,-1.543750000000000000e+01,-6.250000000000000000e-02,-3.375000000000000000e+00,9.000000000000000000e+00,3.750000000000000000e-01,-5.625000000000000000e-01,-1.875000000000000000e-01,-6.250000000000000000e-02,0.000000000000000000e+00
2.581875000000000000e+02,-6.250000000000000000e-02,-6.250000000000000000e-02,-3.250000000000000000e+00,9.562500000000000000e+00,6.250000000000000000e-02,-8.750000000000000000e-01,-6.250000000000000000e-01,1.250000000000000000e+00,3.223750000000000000e+02,-1.537500000000000000e+01,-6.250000000000000000e-02,-3.625000000000000000e+00,8.500000000000000000e+00,6.875000000000000000e-01,-5.625000000000000000e-01,-1.875000000000000000e-01,0.000000000000000000e+00,0.000000000000000000e+00
2.581875000000000000e+02,-6.250000000000000000e-02,-6.250000000000000000e-02,-2.875000000000000000e+00,9.500000000000000000e+00,-6.250000000000000000e-02,-1.875000000000000000e-01,6.250000000000000000e-02,1.562500000000000000e+00,3.223750000000000000e+02,-1.531250000000000000e+01,-6.250000000000000000e-02,-3.000000000000000000e+00,8.562500000000000000e+00,6.250000000000000000e-01,-5.625000000000000000e-01,-1.875000000000000000e-01,0.000000000000000000e+00,0.000000000000000000e+00
2.581250000000000000e+02,-6.250000000000000000e-02,-6.250000000000000000e-02,-2.875000000000000000e+00,9.187500000000000000e+00,-6.250000000000000000e-02,-1.875000000000000000e-01,6.250000000000000000e-02,1.562500000000000000e+00,3.223125000000000000e+02,-1.518750000000000000e+01,-6.250000000000000000e-02,-2.125000000000000000e+00,9.375000000000000000e+00,3.750000000000000000e-01,-6.250000000000000000e-01,-4.375000000000000000e-01,-2.500000000000000000e-01,0.000000000000000000e+00
2.581250000000000000e+02,-6.250000000000000000e-02,-6.250000000000000000e-02,-2.437500000000000000e+00,8.625000000000000000e+00,-6.250000000000000000e-02,-2.500000000000000000e-01,1.250000000000000000e-01,1.812500000000000000e+00,3.223125000000000000e+02,-1.512500000000000000e+01,-6.250000000000000000e-02,-2.125000000000000000e+00,1.112500000000000000e+01,-6.250000000000000000e-02,-6.250000000000000000e-01,-4.375000000000000000e-01,-2.500000000000000000e-01,0.000000000000000000e+00
2.581250000000000000e+02,-6.250000000000000000e-02,-6.250000000000000000e-02,-2.062500000000000000e+00,8.500000000000000000e+00,-8.062500000000000000e+00,-5.625000000000000000e-01,5.000000000000000000e-01,6.250000000000000000e-02,3.223125000000000000e+02,-1.500000000000000000e+01,-6.250000000000000000e-02,-2.562500000000000000e+00,1.181250000000000000e+01,-6.250000000000000000e-02,-1.250000000000000000e-01,1.250000000000000000e-01,-6.250000000000000000e-02,0.000000000000000000e+00
2.581250000000000000e+02,-6.250000000000000000e-02,-6.250000000000000000e-02,-1.562500000000000000e+00,1.056250000000000000e+01,-6.250000000000000000e-02,-6.250000000000000000e-01,3.750000000000000000e-01,0.000000000000000000e+00,3.223125000000000000e+02,-1.487500000000000000e+01,-6.250000000000000000e-02,-2.125000000000000000e+00,1.231250000000000000e+01,-6.250000000000000000e-02,-1.875000000000000000e-01,-5.625000000000000000e-01,-8.750000000000000000e-01,0.000000000000000000e+00
2.581250000000000000e+02,-6.250000000000000000e-02,-6.250000000000000000e-02,-1.312500000000000000e+00,1.156250000000000000e+01,-6.250000000000000000e-02,-6.875000000000000000e-01,3.750000000000000000e-01,-6.250000000000000000e-02,3.223125000000000000e+02,-1.487500000000000000e+01,-6.250000000000000000e-02,-2.250000000000000000e+00,1.187500000000000000e+01,2.500000000000000000e-01,-1.875000000000000000e-01,-3.750000000000000000e-01,-5.000000000000000000e-01,0.000000000000000000e+00
2.581250000000000000e+02,-6.250000000000000000e-02,-6.250000000000000000e-02,-1.312500000000000000e+00,1.156250000000000000e+01,-6.250000000000000000e-02,-8.125000000000000000e-01,6.875000000000000000e-01,-6.250000000000000000e-02,3.222500000000000000e+02,-1.475000000000000000e+01,-6.250000000000000000e-02,-2.250000000000000000e+00,1.187500000000000000e+01,2.500000000000000000e-01,-1.875000000000000000e-01,-3.750000000000000000e-01,-5.000000000000000000e-01,0.000000000000000000e+00
2.580625000000000000e+02,-6.250000000000000000e-02,-6.250000000000000000e-02,-1.875000000000000000e+00,1.275000000000000000e+01,3.750000000000000000e-01,-8.125000000000000000e-01,6.875000000000000000e-01,-6.250000000000000000e-02,3.222500000000000000e+02,-1.462500000000000000e+01,-6.250000000000000000e-02,-2.500000000000000000e+00,1.106250000000000000e+01,1.250000000000000000e+00,-1.875000000000000000e-01,-4.375000000000000000e-01,-5.000000000000000000e-01,0.000000000000000000e+00
2.580625000000000000e+02,-6.250000000000000000e-02,-6.250000000000000000e-02,-3.437500000000000000e+00,1.418750000000000000e+01,1.000000000000000000e+00,-4.375000000000000000e-01,8.125000000000000000e-01,3.125000000000000000e-01,3.221875000000000000e+02,-1.456250000000000000e+01,-6.250000000000000000e-02,-4.000000000000000000e+00,1.100000000000000000e+01,1.375000000000000000e+00,-6.250000000000000000e-02,-1.250000000000000000e-01,-1.250000000000000000e-01,0.000000000000000000e+00
2.580000000000000000e+02,-6.250000000000000000e-02,-6.250000000000000000e-02,-3.687500000000000000e+00,1.512500000000000000e+01,1.625000000000000000e+00,-2.500000000000000000e-01,7.500000000000000000e-01,6.250000000000000000e-01,3.221250000000000000e+02,-1.443750000000000000e+01,-6.250000000000000000e-02,-4.812500000000000000e+00,-6.250000000000000000e-02,-6.250000000000000000e-02,-4.375000000000000000e-01,-6.250000000000000000e-02,-2.500000000000000000e-01,0.000000000000000000e+00
2.580000000000000000e+02,-6.250000000000000000e-02,-6.250000000000000000e-02,-3.062500000000000000e+00,1.587500000000000000e+01,1.500000000000000000e+00,4.375000000000000000e-01,1.187500000000000000e+00,6.875000000000000000e-01,3.221250000000000000e+02,-1.443750000000000000e+01,-6.250000000000000000e-02,-3.562500000000000000e+00,1.168750000000000000e+01,5.625000000000000000e-01,2.500000000000000000e-01,1.250000000000000000e-01,-6.250000000000000000e-02,0.000000000000000000e+00
2.579375000000000000e+02,-6.250000000000000000e-02,-6.250000000000000000e-02,-3.062500000000000000e+00,1.587500000000000000e+01,1.500000000000000000e+00,-2.500000000000000000e-01,5.000000000000000000e-01,1.250000000000000000e-01,3.220625000000000000e+02,-1.431250000000000000e+01,-6.250000000000000000e-02,-1.687500000000000000e+00,1.350000000000000000e+01,6.250000000000000000e-02,2.500000000000000000e-01,-6.250000000000000000e-02,-6.250000000000000000e-02,0.000000000000000000e+00
2.578750000000000000e+02,-6.250000000000000000e-02,-6.250000000000000000e-02,-2.250000000000000000e+00,1.606250000000000000e+01,8.125000000000000000e-01,-2.500000000000000000e-01,5.000000000000000000e-01,1.250000000000000000e-01,3.220625000000000000e+02,-1.418750000000000000e+01,-6.250000000000000000e-02,-1.687500000000000000e+00,1.350000000000000000e+01,6.250000000000000000e-02,2.500000000000000000e-01,-6.250000000000000000e-02,-6.250000000000000000e-02,0.000000000000000000e+00
2.578750000000000000e+02,-6.250000000000000000e-02,-6.250000000000000000e-02,-2.812500000000000000e+00,1.637500000000000000e+01,8.125000000000000000e-01,-8.750000000000000000e-01,-2.500000000000000000e-01,1.687500000000000000e+00,3.220625000000000000e+02,-1.406250000000000000e+01,-6.250000000000000000e-02,-1.500000000000000000e+00,1.325000000000000000e+01,-6.250000000000000000e-02,-6.250000000000000000e-01,-6.875000000000000000e-01,0.000000000000000000e+00,0.000000000000000000e+00
2.578125000000000000e+02,-6.250000000000000000e-02,-6.250000000000000000e-02,-3.187500000000000000e+00,1.662500000000000000e+01,1.250000000000000000e+00,-1.000000000000000000e+00,-1.250000000000000000e-01,1.437500000000000000e+00,3.220625000000000000e+02,-1.393750000000000000e+01,-6.250000000000000000e-02,-1.937500000000000000e+00,1.287500000000000000e+01,0.000000000000000000e+00,-1.062500000000000000e+00,-6.250000000000000000e-01,-1.125000000000000000e+00,0.000000000000000000e+00
2.577500000000000000e+02,-6.250000000000000000e-02,-6.250000000000000000e-02,-3.000000000000000000e+00,1.637500000000000000e+01,1.750000000000000000e+00,-1.375000000000000000e+00,0.000000000000000000e+00,6.250000000000000000e-01,3.220000000000000000e+02,-1.381250000000000000e+01,-6.250000000000000000e-02,-2.687500000000000000e+00,1.493750000000000000e+01,4.375000000000000000e-01,-6.875000000000000000e-01,-6.875000000000000000e-01,-8.750000000000000000e-01,0.000000000000000000e+00
2.577500000000000000e+02,-6.250000000000000000e-02,-6.250000000000000000e-02,-3.000000000000000000e+00,1.637500000000000000e+01,1.750000000000000000e+00,-1.875000000000000000e-01,-2.500000000000000000e-01,-8.125000000000000000e-01,3.220000000000000000e+02,-1.381250000000000000e+01,-6.250000000000000000e-02,-2.562500000000000000e+00,1.481250000000000000e+01,6.250000000000000000e-01,-5.625000000000000000e-01,-5.625000000000000000e-01,-1.875000000000000000e-01,0.000000000000000000e+00
2.577500000000000000e+02,-6.250000000000000000e-02,-6.250000000000000000e-02,-3.312500000000000000e+00,1.768750000000000000e+01,1.812500000000000000e+00,-1.875000000000000000e-01,-2.500000000000000000e-01,-8.125000000000000000e-01,3.220000000000000000e+02,-1.368750000000000000e+01,-6.250000000000000000e-02,-2.562500000000000000e+00,1.481250000000000000e+01,6.250000000000000000e-01,-1.875000000000000000e-01,-1.875000000000000000e-01,-8.750000000000000000e-01,0.000000000000000000e+00
2.576875000000000000e+02,-6.250000000000000000e-02,-6.250000000000000000e-02,-4.375000000000000000e+00,-6.250000000000000000e-02,-6.250000000000000000e-02,0.000000000000000000e+00,5.625000000000000000e-01,-6.250000000000000000e-02,3.219375000000000000e+02,-1.356250000000000000e+01,-6.250000000000000000e-02,-2.937500000000000000e+00,1.325000000000000000e+01,1.125000000000000000e+00,-1.875000000000000000e-01,-1.875000000000000000e-01,-8.750000000000000000e-01,0.000000000000000000e+00
2.576250000000000000e+02,-6.250000000000000000e-02,-6.250000000000000000e-02,-4.187500000000000000e+00,-6.250000000000000000e-02,-6.250000000000000000e-02,5.625000000000000000e-01,1.125000000000000000e+00,6.250000000000000000e-01,3.218750000000000000e+02,-1.343750000000000000e+01,-6.250000000000000000e-02,-3.937500000000000000e+00,1.306250000000000000e+01,1.125000000000000000e+00,1.000000000000000000e+00,4.375000000000000000e-01,-6.250000000000000000e-02,0.000000000000000000e+00
2.575625000000000000e+02,-6.250000000000000000e-02,-6.250000000000000000e-02,-3.250000000000000000e+00,2.000000000000000000e+01,1.750000000000000000e+00,-1.062500000000000000e+00,1.000000000000000000e+00,4.375000000000000000e-01,3.218750000000000000e+02,-1.331250000000000000e+01,-6.250000000000000000e-02,-4.062500000000000000e+00,-6.250000000000000000e-02,-6.250000000000000000e-02,1.250000000000000000e+00,8.125000000000000000e-01,-6.250000000000000000e-02,0.000000000000000000e+00
2.575625000000000000e+02,-6.250000000000000000e-02,-6.250000000000000000e-02,-3.250000000000000000e+00,1.962500000000000000e+01,2.000000000000000000e+00,-1.062500000000000000e+00,9.375000000000000000e-01,1.437500000000000000e+00,3.218750000000000000e+02,-1.331250000000000000e+01,-6.250000000000000000e-02,-3.125000000000000000e+00,1.381250000000000000e+01,1.000000000000000000e+00,-8.125000000000000000e-01,3.125000000000000000e-01,8.750000000000000000e-01,0.000000000000000000e+00
2.575000000000000000e+02,-6.250000000000000000e-02,-6.250000000000000000e-02,-3.250000000000000000e+00,1.962500000000000000e+01,2.000000000000000000e+00,-1.062500000000000000e+00,9.375000000000000000e-01,1.437500000000000000e+00,3.218125000000000000e+02,-1.318750000000000000e+01,-6.250000000000000000e-02,-3.125000000000000000e+00,1.381250000000000000e+01,1.000000000000000000e+00,-7.500000000000000000e-01,-5.625000000000000000e-01,-6.250000000000000000e-01,0.000000000000000000e+00
2.574375000000000000e+02,-6.250000000000000000e-02,-6.250000000000000000e-02,-3.000000000000000000e+00,2.012500000000000000e+01,2.062500000000000000e+00,-1.875000000000000000e-01,1.062500000000000000e+00,1.687500000000000000e+00,3.217500000000000000e+02,-1.306250000000000000e+01,-6.250000000000000000e-02,-2.437500000000000000e+00,1.387500000000000000e+01,1.000000000000000000e+00,-6.250000000000000000e-01,-4.375000000000000000e-01,-1.125000000000000000e+00,0.000000000000000000e+00
2.573750000000000000e+02,-6.250000000000000000e-02,-6.250000000000000000e-02,-2.687500000000000000e+00,1.975000000000000000e+01,2.062500000000000000e+00,-1.250000000000000000e-01,6.250000000000000000e-01,8.125000000000000000e-01,3.217500000000000000e+02,-1.287500000000000000e+01,-6.250000000000000000e-02,-3.000000000000000000e+00,1.468750000000000000e+01,7.500000000000000000e-01,-1.375000000000000000e+00,4.375000000000000000e-01,-6.250000000000000000e-02,0.000000000000000000e+00
2.573125000000000000e+02,-6.250000000000000000e-02,-6.250000000000000000e-02,-2.750000000000000000e+00,1.937500000000000000e+01,2.125000000000000000e+00,-1.000000000000000000e+00,3.125000000000000000e-01,0.000000000000000000e+00,3.216875000000000000e+02,-1.275000000000000000e+01,-6.250000000000000000e-02,-2.437500000000000000e+00,1.587500000000000000e+01,-6.250000000000000000e-02,-1.375000000000000000e+00,4.375000000000000000e-01,-6.250000000000000000e-02,0.000000000000000000e+00
2.573125000000000000e+02,-6.250000000000000000e-02,-6.250000000000000000e-02,-2.000000000000000000e+00,2.018750000000000000e+01,2.000000000000000000e+00,-7.500000000000000000e-01,-1.250000000000000000e-01,-1.875000000000000000e-01,3.216875000000000000e+02,-1.256250000000000000e+01,-6.250000000000000000e-02,-7.500000000000000000e-01,1.600000000000000000e+01,-6.250000000000000000e-02,-1.437500000000000000e+00,0.000000000000000000e+00,-6.250000000000000000e-02,0.000000000000000000e+00
2.572500000000000000e+02,-6.250000000000000000e-02,-6.250000000000000000e-02,-8.125000000000000000e-01,2.062500000000000000e+01,1.750000000000000000e+00,-7.500000000000000000e-01,2.500000000000000000e-01,-6.250000000000000000e-02,3.216875000000000000e+02,-1.243750000000000000e+01,-6.250000000000000000e-02,3.750000000000000000e-01,1.700000000000000000e+01,6.875000000000000000e-01,-6.250000000000000000e-01,-3.125000000000000000e-01,-1.937500000000000000e+00,0.000000000000000000e+00
2.572500000000000000e+02,-6.250000000000000000e-02,-6.250000000000000000e-02,-5.000000000000000000e-01,2.193750000000000000e+01,1.687500000000000000e+00,-6.250000000000000000e-02,3.750000000000000000e-01,-6.250000000000000000e-02,3.217500000000000000e+02,-1.225000000000000000e+01,-6.250000000000000000e-02,9.375000000000000000e-01,1.818750000000000000e+01,1.125000000000000000e+00,6.250000000000000000e-02,0.000000000000000000e+00,-6.250000000000000000e-02,0.000000000000000000e+00
2.572500000000000000e+02,-6.250000000000000000e-02,-6.250000000000000000e-02,-6.250000000000000000e-02,2.287500000000000000e+01,1.750000000000000000e+00,0.000000000000000000e+00,0.000000000000000000e+00,-6.250000000000000000e-02,3.217500000000000000e+02,-1.225000000000000000e+01,-6.250000000000000000e-02,8.125000000000000000e-01,1.937500000000000000e+01,1.187500000000000000e+00,1.125000000000000000e+00,1.875000000000000000e-01,-6.250000000000000000e-02,0.000000000000000000e+00
2.572500000000000000e+02,-6.250000000000000000e-02,-6.250000000000000000e-02,-6.250000000000000000e-02,2.287500000000000000e+01,1.750000000000000000e+00,0.000000000000000000e+00,0.000000000000000000e+00,-6.250000000000000000e-02,3.217500000000000000e+02,-1.206250000000000000e+01,-6.250000000000000000e-02,8.125000000000000000e-01,1.937500000000000000e+01,1.187500000000000000e+00,1.062500000000000000e+00,4.375000000000000000e-01,-6.250000000000000000e-02,0.000000000000000000e+00
2.572500000000000000e+02,-6.250000000000000000e-02,-6.250000000000000000e-02,0.000000000000000000e+00,2.387500000000000000e+01,1.437500000000000000e+00,-6.250000000000000000e-02,2.500000000000000000e-01,-6.250000000000000000e-02,3.217500000000000000e+02,-7.568750000000000000e+01,1.710625000000000000e+02,1.875000000000000000e-01,2.050000000000000000e+01,1.250000000000000000e+00,3.125000000000000000e-01,8.125000000000000000e-01,-6.250000000000000000e-02,0.000000000000000000e+00
2.571875000000000000e+02,-1.593750000000000000e+01,-6.250000000000000000e-02,-1.375000000000000000e+00,2.637500000000000000e+01,1.312500000000000000e+00,4.375000000000000000e-01,1.062500000000000000e+00,-6.250000000000000000e-02,3.217500000000000000e+02,-7.568750000000000000e+01,1.710625000000000000e+02,8.750000000000000000e-01,2.187500000000000000e+01,9.375000000000000000e-01,3.125000000000000000e-01,1.250000000000000000e+00,-6.250000000000000000e-02,0.000000000000000000e+00
2.571875000000000000e+02,-1.568750000000000000e+01,-6.250000000000000000e-02,-8.125000000000000000e-01,2.668750000000000000e+01,1.375000000000000000e+00,3.750000000000000000e-01,1.000000000000000000e+00,-6.250000000000000000e-02,3.217500000000000000e+02,-7.550000000000000000e+01,1.711875000000000000e+02,8.750000000000000000e-01,2.187500000000000000e+01,9.375000000000000000e-01,3.125000000000000000e-01,1.437500000000000000e+00,-6.250000000000000000e-02,0.000000000000000000e+00
2.571875000000000000e+02,-1.543750000000000000e+01,-6.250000000000000000e-02,1.125000000000000000e+00,-6.250000000000000000e-02,-6.250000000000000000e-02,5.000000000000000000e-01,1.125000000000000000e+00,-6.250000000000000000e-02,3.218125000000000000e+02,-7.525000000000000000e+01,1.713750000000000000e+02,2.937500000000000000e+00,2.268750000000000000e+01,9.375000000000000000e-01,7.500000000000000000e-01,2.500000000000000000e-01,-6.250000000000000000e-02,0.000000000000000000e+00
2.572500000000000000e+02,-1.512500000000000000e+01,-6.250000000000000000e-02,3.312500000000000000e+00,-6.250000000000000000e-02,-6.250000000000000000e-02,6.250000000000000000e-02,7.500000000000000000e-01,-6.250000000000000000e-02,3.218750000000000000e+02,-7.500000000000000000e+01,1.715000000000000000e+02,8.062500000000000000e+00,-6.250000000000000000e-02,-6.250000000000000000e-02,8.125000000000000000e-01,-6.250000000000000000e-02,-6.250000000000000000e-02,0.000000000000000000e+00
2.572500000000000000e+02,-1.487500000000000000e+01,-6.250000000000000000e-02,4.875000000000000000e+00,-6.250000000000000000e-02,-6.250000000000000000e-02,6.250000000000000000e-02,-6.250000000000000000e-02,-6.250000000000000000e-02,3.219375000000000000e+02,-7.475000000000000000e+01,1.716875000000000000e+02,8.062500000000000000e+00,-6.250000000000000000e-02,-6.250000000000000000e-02,8.125000000000000000e-01,-6.250000000000000000e-02,-6.250000000000000000e-02,0.000000000000000000e+00
2.573750000000000000e+02,-1.462500000000000000e+01,-6.250000000000000000e-02,7.125000000000000000e+00,-6.250000000000000000e-02,-6.250000000000000000e-02,6.250000000000000000e-01,-6.250000000000000000e-02,-6.250000000000000000e-02,3.220625000000000000e+02,-7.450000000000000000e+01,1.718125000000000000e+02,8.250000000000000000e+00,-6.250000000000000000e-02,-6.250000000000000000e-02,1.062500000000000000e+00,-6.250000000000000000e-02,-6.250000000000000000e-02,0.000000000000000000e+00
2.575000000000000000e+02,-1.431250000000000000e+01,-6.250000000000000000e-02,1.093750000000000000e+01,-6.250000000000000000e-02,-6.250000000000000000e-02,1.187500000000000000e+00,-6.250000000000000000e-02,-6.250000000000000000e-02,3.221875000000000000e+02,-7.425000000000000000e+01,1.718750000000000000e+02,9.562500000000000000e+00,-6.250000000000000000e-02,-6.250000000000000000e-02,2.375000000000000000e+00,1.875000000000000000e-01,-6.250000000000000000e-02,0.000000000000000000e+00
2.576875000000000000e+02,-1.400000000000000000e+01,-6.250000000000000000e-02,1.437500000000000000e+01,-6.250000000000000000e-02,-6.250000000000000000e-02,1.437500000000000000e+00,1.250000000000000000e+00,-6.250000000000000000e-02,3.222500000000000000e+02,-7.393750000000000000e+01,1.720000000000000000e+02,8.250000000000000000e+00,-6.250000000000000000e-02,-6.250000000000000000e-02,5.000000000000000000e+00,1.312500000000000000e+00,-6.250000000000000000e-02,0.000000000000000000e+00
2.578750000000000000e+02,-1.368750000000000000e+01,-6.250000000000000000e-02,1.262500000000000000e+01,3.306250000000000000e+01,-6.250000000000000000e-02,2.812500000000000000e+00,1.062500000000000000e+00,-6.250000000000000000e-02,3.223125000000000000e+02,-7.368750000000000000e+01,1.721875000000000000e+02,4.937500000000000000e+00,-6.250000000000000000e-02,-6.250000000000000000e-02,5.000000000000000000e+00,1.312500000000000000e+00,-6.250000000000000000e-02,0.000000000000000000e+00
2.580000000000000000e+02,-1.337500000000000000e+01,-6.250000000000000000e-02,9.375000000000000000e+00,3.500000000000000000e+01,-6.250000000000000000e-02,3.562500000000000000e+00,7.500000000000000000e-01,-6.250000000000000000e-02,3.223125000000000000e+02,-7.337500000000000000e+01,1.723750000000000000e+02,3.750000000000000000e+00,-6.250000000000000000e-02,-6.250000000000000000e-02,6.312500000000000000e+00,7.500000000000000000e-01,6.250000000000000000e-01,0.000000000000000000e+00
2.581250000000000000e+02,-1.300000000000000000e+01,-6.250000000000000000e-02,7.875000000000000000e+00,3.706250000000000000e+01,-6.250000000000000000e-02,4.375000000000000000e+00,8.125000000000000000e-01,-6.250000000000000000e-02,3.223750000000000000e+02,-7.312500000000000000e+01,1.725625000000000000e+02,3.750000000000000000e+00,-6.250000000000000000e-02,-6.250000000000000000e-02,6.062500000000000000e+00,-6.250000000000000000e-02,-6.250000000000000000e-02,0.000000000000000000e+00
2.582500000000000000e+02,-1.262500000000000000e+01,-6.250000000000000000e-02,7.500000000000000000e+00,3.850000000000000000e+01,-6.250000000000000000e-02,6.125000000000000000e+00,3.750000000000000000e-01,6.250000000000000000e-01,3.224375000000000000e+02,-7.287500000000000000e+01,1.727500000000000000e+02,5.062500000000000000e+00,-6.250000000000000000e-02,-6.250000000000000000e-02,6.062500000000000000e+00,-6.250000000000000000e-02,-6.250000000000000000e-02,0.000000000000000000e+00
2.583750000000000000e+02,-1.225000000000000000e+01,-6.250000000000000000e-02,6.687500000000000000e+00,3.800000000000000000e+01,-6.250000000000000000e-02,6.062500000000000000e+00,6.250000000000000000e-02,6.875000000000000000e-01,3.225000000000000000e+02,-7.256250000000000000e+01,1.728750000000000000e+02,4.812500000000000000e+00,-6.250000000000000000e-02,-6.250000000000000000e-02,5.250000000000000000e+00,-6.250000000000000000e-02,-6.250000000000000000e-02,0.000000000000000000e+00
2.584375000000000000e+02,-7.587500000000000000e+01,1.757500000000000000e+02,6.625000000000000000e+00,3.843750000000000000e+01,-6.250000000000000000e-02,6.187500000000000000e+00,-6.250000000000000000e-02,-6.250000000000000000e-02,3.225625000000000000e+02,-6.250000000000000000e-02,-6.250000000000000000e-02,3.375000000000000000e+00,3.343750000000000000e+01,1.312500000000000000e+00,5.937500000000000000e+00,-6.250000000000000000e-02,-6.250000000000000000e-02,0.000000000000000000e+00
2.585625000000000000e+02,-7.550000000000000000e+01,1.758125000000000000e+02,6.625000000000000000e+00,3.843750000000000000e+01,-6.250000000000000000e-02,6.250000000000000000e+00,0.000000000000000000e+00,1.375000000000000000e+00,3.226250000000000000e+02,-6.250000000000000000e-02,-6.250000000000000000e-02,1.625000000000000000e+00,3.456250000000000000e+01,1.375000000000000000e+00,6.187500000000000000e+00,1.875000000000000000e-01,4.375000000000000000e-01,0.000000000000000000e+00
2.586250000000000000e+02,-7.512500000000000000e+01,1.758125000000000000e+02,7.312500000000000000e+00,3.943750000000000000e+01,-6.250000000000000000e-02,6.250000000000000000e+00,0.000000000000000000e+00,1.375000000000000000e+00,3.226250000000000000e+02,-6.250000000000000000e-02,-6.250000000000000000e-02,1.625000000000000000e+00,3.456250000000000000e+01,1.375000000000000000e+00,6.750000000000000000e+00,4.375000000000000000e-01,-6.250000000000000000e-02,0.000000000000000000e+00
2.587500000000000000e+02,-7.475000000000000000e+01,1.758125000000000000e+02,4.937500000000000000e+00,-6.250000000000000000e-02,-6.250000000000000000e-02,6.500000000000000000e+00,2.500000000000000000e-01,9.375000000000000000e-01,3.225625000000000000e+02,-6.250000000000000000e-02,-6.250000000000000000e-02,-2.312500000000000000e+00,3.618750000000000000e+01,2.000000000000000000e+00,7.937500000000000000e+00,4.375000000000000000e-01,1.625000000000000000e+00,0.000000000000000000e+00
2.588125000000000000e+02,-7.431250000000000000e+01,1.758750000000000000e+02,3.812500000000000000e+00,-6.250000000000000000e-02,-6.250000000000000000e-02,7.312500000000000000e+00,4.375000000000000000e-01,6.875000000000000000e-01,3.225000000000000000e+02,-6.250000000000000000e-02,-6.250000000000000000e-02,-7.500000000000000000e-01,3.631250000000000000e+01,3.375000000000000000e+00,7.937500000000000000e+00,3.125000000000000000e-01,2.375000000000000000e+00,0.000000000000000000e+00
2.588750000000000000e+02,-7.393750000000000000e+01,1.759375000000000000e+02,4.687500000000000000e+00,-6.250000000000000000e-02,-6.250000000000000000e-02,8.125000000000000000e+00,-6.250000000000000000e-02,-6.250000000000000000e-02,3.225000000000000000e+02,-6.250000000000000000e-02,-6.250000000000000000e-02,-7.500000000000000000e-01,3.631250000000000000e+01,3.375000000000000000e+00,7.937500000000000000e+00,3.125000000000000000e-01,2.375000000000000000e+00,0.000000000000000000e+00
2.589375000000000000e+02,-7.350000000000000000e+01,1.760000000000000000e+02,6.250000000000000000e+00,-6.250000000000000000e-02,-6.250000000000000000e-02,7.437500000000000000e+00,-6.250000000000000000e-02,-6.250000000000000000e-02,3.225000000000000000e+02,-6.250000000000000000e-02,-6.250000000000000000e-02,8.125000000000000000e-01,3.668750000000000000e+01,4.437500000000000000e+00,6.875000000000000000e+00,-6.250000000000000000e-02,-6.250000000000000000e-02,0.000000000000000000e+00
2.590625000000000000e+02,-7.306250000000000000e+01,1.760000000000000000e+02,5.812500000000000000e+00,-6.250000000000000000e-02,-6.250000000000000000e-02,7.437500000000000000e+00,-6.250000000000000000e-02,-6.250000000000000000e-02,3.225000000000000000e+02,-6.250000000000000000e-02,-6.250000000000000000e-02,8.125000000000000000e-01,3.668750000000000000e+01,4.437500000000000000e+00,7.875000000000000000e+00,-6.250000000000000000e-02,-6.250000000000000000e-02,0.000000000000000000e+00
2.591250000000000000e+02,-7.262500000000000000e+01,1.760625000000000000e+02,3.750000000000000000e+00,-6.250000000000000000e-02,-6.250000000000000000e-02,6.437500000000000000e+00,-6.250000000000000000e-02,-6.250000000000000000e-02,3.224375000000000000e+02,-6.250000000000000000e-02,-6.250000000000000000e-02,-1.500000000000000000e+00,3.843750000000000000e+01,4.312500000000000000e+00,7.875000000000000000e+00,-6.250000000000000000e-02,-6.250000000000000000e-02,0.000000000000000000e+00
2.591250000000000000e+02,-7.218750000000000000e+01,1.761250000000000000e+02,2.000000000000000000e+00,4.806250000000000000e+01,-6.250000000000000000e-02,6.812500000000000000e+00,-6.250000000000000000e-02,-6.250000000000000000e-02,3.223750000000000000e+02,-6.250000000000000000e-02,-6.250000000000000000e-02,-2.062500000000000000e+00,3.981250000000000000e+01,4.062500000000000000e+00,6.312500000000000000e+00,-6.250000000000000000e-02,-6.250000000000000000e-02,0.000000000000000000e+00
2.592500000000000000e+02,-6.250000000000000000e-02,-6.250000000000000000e-02,3.937500000000000000e+00,4.956250000000000000e+01,-6.250000000000000000e-02,7.437500000000000000e+00,-6.250000000000000000e-02,-6.250000000000000000e-02,3.223750000000000000e+02,-6.250000000000000000e-02,-6.250000000000000000e-02,-2.500000000000000000e-01,4.093750000000000000e+01,4.500000000000000000e+00,6.812500000000000000e+00,-6.250000000000000000e-02,-6.250000000000000000e-02,0.000000000000000000e+00
2.593750000000000000e+02,-6.250000000000000000e-02,-6.250000000000000000e-02,6.187500000000000000e+00,4.956250000000000000e+01,-6.250000000000000000e-02,7.375000000000000000e+00,-6.250000000000000000e-02,-6.250000000000000000e-02,3.223125000000000000e+02,-6.250000000000000000e-02,-6.250000000000000000e-02,-1.250000000000000000e-01,4.243750000000000000e+01,5.375000000000000000e+00,7.000000000000000000e+00,-6.250000000000000000e-02,-6.250000000000000000e-02,0.000000000000000000e+00
2.593750000000000000e+02,-6.250000000000000000e-02,-6.250000000000000000e-02,6.187500000000000000e+00,4.956250000000000000e+01,-6.250000000000000000e-02,7.375000000000000000e+00,-6.250000000000000000e-02,-6.250000000000000000e-02,3.223125000000000000e+02,-6.250000000000000000e-02,-6.250000000000000000e-02,-3.687500000000000000e+00,4.300000000000000000e+01,6.000000000000000000e+00,8.312500000000000000e+00,-6.250000000000000000e-02,-6.250000000000000000e-02,0.000000000000000000e+00
2.595000000000000000e+02,-6.250000000000000000e-02,-6.250000000000000000e-02,6.500000000000000000e+00,5.081250000000000000e+01,-6.250000000000000000e-02,9.187500000000000000e+00,-6.250000000000000000e-02,-6.250000000000000000e-02,3.222500000000000000e+02,-6.250000000000000000e-02,-6.250000000000000000e-02,-3.687500000000000000e+00,4.300000000000000000e+01,6.000000000000000000e+00,9.125000000000000000e+00,-6.250000000000000000e-02,-6.250000000000000000e-02,0.000000000000000000e+00
2.596875000000000000e+02,-6.250000000000000000e-02,-6.250000000000000000e-02,8.062500000000000000e+00,5.168750000000000000e+01,-6.250000000000000000e-02,9.625000000000000000e+00,-6.250000000000000000e-02,-6.250000000000000000e-02,3.221875000000000000e+02,-6.250000000000000000e-02,-6.250000000000000000e-02,-2.250000000000000000e+00,4.568750000000000000e+01,6.812500000000000000e+00,9.125000000000000000e+00,-6.250000000000000000e-02,-6.250000000000000000e-02,0.000000000000000000e+00
2.598125000000000000e+02,-6.250000000000000000e-02,-6.250000000000000000e-02,7.812500000000000000e+00,5.187500000000000000e+01,-6.250000000000000000e-02,9.187500000000000000e+00,-6.250000000000000000e-02,-6.250000000000000000e-02,3.220625000000000000e+02,-6.250000000000000000e-02,-6.250000000000000000e-02,-1.562500000000000000e+00,4.700000000000000000e+01,7.562500000000000000e+00,9.500000000000000000e+00,-6.250000000000000000e-02,-6.250000000000000000e-02,0.000000000000000000e+00
2.599375000000000000e+02,-6.250000000000000000e-02,-6.250000000000000000e-02,4.375000000000000000e+00,5.300000000000000000e+01,-6.250000000000000000e-02,8.750000000000000000e+00,-6.250000000000000000e-02,-6.250000000000000000e-02,3.220000000000000000e+02,-6.250000000000000000e-02,-6.250000000000000000e-02,-3.625000000000000000e+00,4.718750000000000000e+01,7.750000000000000000e+00,1.025000000000000000e+01,-6.250000000000000000e-02,-6.250000000000000000e-02,0.000000000000000000e+00
2.600000000000000000e+02,-6.250000000000000000e-02,-6.250000000000000000e-02,1.875000000000000000e-01,5.425000000000000000e+01,-6.250000000000000000e-02,1.006250000000000000e+01,-6.250000000000000000e-02,-6.250000000000000000e-02,3.218125000000000000e+02,-6.250000000000000000e-02,-6.250000000000000000e-02,-6.687500000000000000e+00,-6.250000000000000000e-02,-6.250000000000000000e-02,9.750000000000000000e+00,0.000000000000000000e+00,4.750000000000000000e+00,1.000000000000000021e-03
2.600000000000000000e+02,-6.250000000000000000e-02,-6.250000000000000000e-02,-3.000000000000000000e+00,5.531250000000000000e+01,-6.250000000000000000e-02,1.081250000000000000e+01,-6.250000000000000000e-02,-6.250000000000000000e-02,3.216875000000000000e+02,-6.250000000000000000e-02,-6.250000000000000000e-02,-8.062500000000000000e+00,4.900000000000000000e+01,7.125000000000000000e+00,9.625000000000000000e+00,-6.250000000000000000e-02,-6.250000000000000000e-02,0.000000000000000000e+00
2.600000000000000000e+02,-6.250000000000000000e-02,-6.250000000000000000e-02,-3.000000000000000000e+00,5.531250000000000000e+01,-6.250000000000000000e-02,1.118750000000000000e+01,-6.250000000000000000e-02,-6.250000000000000000e-02,3.216875000000000000e+02,-6.250000000000000000e-02,-6.250000000000000000e-02,-5.625000000000000000e+00,-6.250000000000000000e-02,-6.250000000000000000e-02,9.562500000000000000e+00,-6.250000000000000000e-02,-6.250000000000000000e-02,0.000000000000000000e+00
2.600000000000000000e+02,-6.250000000000000000e-02,-6.250000000000000000e-02,-1.500000000000000000e+00,5.512500000000000000e+01,-6.250000000000000000e-02,1.118750000000000000e+01,-6.250000000000000000e-02,-6.250000000000000000e-02,3.215000000000000000e+02,-6.250000000000000000e-02,-6.250000000000000000e-02,-5.625000000000000000e+00,-6.250000000000000000e-02,-6.250000000000000000e-02,9.562500000000000000e+00,-6.250000000000000000e-02,-6.250000000000000000e-02,0.000000000000000000e+00
2.600625000000000000e+02,-6.250000000000000000e-02,-6.250000000000000000e-02,9.375000000000000000e-01,5.531250000000000000e+01,-6.250000000000000000e-02,1.006250000000000000e+01,4.375000000000000000e-01,4.625000000000000000e+00,3.214375000000000000e+02,-6.250000000000000000e-02,-6.250000000000000000e-02,-4.062500000000000000e+00,-6.250000000000000000e-02,-6.250000000000000000e-02,1.031250000000000000e+01,1.000000000000000000e+00,4.687500000000000000e+00,1.000000000000000021e-03
-1.787937500000000000e+03,-6.250000000000000000e-02,-6.250000000000000000e-02,-8.750000000000000000e-01,5.650000000000000000e+01,-6.250000000000000000e-02,1.025000000000000000e+01,3.750000000000000000e-01,3.937500000000000000e+00,3.213125000000000000e+02,-6.250000000000000000e-02,-6.250000000000000000e-02,-6.875000000000000000e+00,-6.250000000000000000e-02,-6.250000000000000000e-02,1.062500000000000000e+01,5.625000000000000000e-01,6.625000000000000000e+00,0.000000000000000000e+00
2.600625000000000000e+02,-6.250000000000000000e-02,-6.250000000000000000e-02,-4.625000000000000000e+00,-6.250000000000000000e-02,-6.250000000000000000e-02,1.068750000000000000e+01,1.250000000000000000e-01,5.625000000000000000e+00,3.210625000000000000e+02,-1.575000000000000000e+01,-6.250000000000000000e-02,-1.162500000000000000e+01,5.175000000000000000e+01,4.312500000000000000e+00,1.062500000000000000e+01,5.625000000000000000e-01,6.625000000000000000e+00,1.099999999999999936e-02
2.600625000000000000e+02,-6.250000000000000000e-02,-6.250000000000000000e-02,-4.625000000000000000e+00,-6.250000000000000000e-02,-6.250000000000000000e-02,1.243750000000000000e+01,-6.250000000000000000e-02,-6.250000000000000000e-02,3.208750000000000000e+02,-1.525000000000000000e+01,-6.250000000000000000e-02,-1.037500000000000000e+01,5.125000000000000000e+01,4.000000000000000000e+00,1.131250000000000000e+01,-6.250000000000000000e-02,-6.250000000000000000e-02,0.000000000000000000e+00
2.600625000000000000e+02,-6.250000000000000000e-02,-6.250000000000000000e-02,-4.625000000000000000e+00,-6.250000000000000000e-02,-6.250000000000000000e-02,1.243750000000000000e+01,-6.250000000000000000e-02,-6.250000000000000000e-02,3.207500000000000000e+02,-1.475000000000000000e+01,-6.250000000000000000e-02,-5.687500000000000000e+00,-6.250000000000000000e-02,-6.250000000000000000e-02,1.193750000000000000e+01,-6.250000000000000000e-02,-6.250000000000000000e-02,0.000000000000000000e+00
2.600625000000000000e+02,-6.250000000000000000e-02,-6.250000000000000000e-02,-6.250000000000000000e-01,5.843750000000000000e+01,-6.250000000000000000e-02,1.212500000000000000e+01,-6.250000000000000000e-02,-6.250000000000000000e-02,3.207500000000000000e+02,-1.475000000000000000e+01,-6.250000000000000000e-02,-5.687500000000000000e+00,-6.250000000000000000e-02,-6.250000000000000000e-02,1.200000000000000000e+01,-6.250000000000000000e-02,-6.250000000000000000e-02,0.000000000000000000e+00
2.601875000000000000e+02,-6.250000000000000000e-02,-6.250000000000000000e-02,3.687500000000000000e+00,-6.250000000000000000e-02,-6.250000000000000000e-02,1.162500000000000000e+01,-6.250000000000000000e-02,-6.250000000000000000e-02,3.206875000000000000e+02,-1.425000000000000000e+01,-6.250000000000000000e-02,-2.312500000000000000e+00,5.112500000000000000e+01,4.125000000000000000e+00,1.181250000000000000e+01,-6.250000000000000000e-02,-6.250000000000000000e-02,0.000000000000000000e+00
2.603125000000000000e+02,-1.575000000000000000e+01,-6.250000000000000000e-02,3.312500000000000000e+00,-6.250000000000000000e-02,-6.250000000000000000e-02,1.175000000000000000e+01,-6.250000000000000000e-02,-6.250000000000000000e-02,3.206250000000000000e+02,-1.375000000000000000e+01,-6.250000000000000000e-02,-2.562500000000000000e+00,5.237500000000000000e+01,3.562500000000000000e+00,1.181250000000000000e+01,-6.250000000000000000e-02,-6.250000000000000000e-02,0.000000000000000000e+00
2.603750000000000000e+02,-1.512500000000000000e+01,-6.250000000000000000e-02,1.937500000000000000e+00,-6.250000000000000000e-02,-6.250000000000000000e-02,1.287500000000000000e+01,1.062500000000000000e+00,-2.043812500000000000e+03,3.205625000000000000e+02,-1.325000000000000000e+01,-6.250000000000000000e-02,-3.312500000000000000e+00,5.150000000000000000e+01,3.000000000000000000e+00,1.218750000000000000e+01,7.500000000000000000e-01,5.750000000000000000e+00,0.000000000000000000e+00
2.603750000000000000e+02,-1.512500000000000000e+01,-6.250000000000000000e-02,2.500000000000000000e+00,-6.250000000000000000e-02,-6.250000000000000000e-02,1.231250000000000000e+01,2.500000000000000000e-01,5.000000000000000000e+00,3.205625000000000000e+02,-1.275000000000000000e+01,-6.250000000000000000e-02,0.000000000000000000e+00,5.125000000000000000e+01,2.500000000000000000e+00,1.175000000000000000e+01,6.250000000000000000e-02,5.250000000000000000e+00,0.000000000000000000e+00
2.605000000000000000e+02,-1.456250000000000000e+01,-6.250000000000000000e-02,2.500000000000000000e+00,-6.250000000000000000e-02,-6.250000000000000000e-02,1.231250000000000000e+01,2.500000000000000000e-01,5.000000000000000000e+00,3.205625000000000000e+02,-1.275000000000000000e+01,-6.250000000000000000e-02,0.000000000000000000e+00,5.125000000000000000e+01,2.500000000000000000e+00,9.687500000000000000e+00,-6.250000000000000000e-02,-6.250000000000000000e-02,0.000000000000000000e+00
2.606250000000000000e+02,-1.400000000000000000e+01,-6.250000000000000000e-02,5.500000000000000000e+00,-6.250000000000000000e-02,-6.250000000000000000e-02,1.056250000000000000e+01,6.250000000000000000e-02,4.937500000000000000e+00,3.206250000000000000e+02,-1.225000000000000000e+01,-6.250000000000000000e-02,4.187500000000000000e+00,5.050000000000000000e+01,2.812500000000000000e+00,9.687500000000000000e+00,-6.250000000000000000e-02,-6.250000000000000000e-02,0.000000000000000000e+00
2.608125000000000000e+02,-1.350000000000000000e+01,-6.250000000000000000e-02,5.437500000000000000e+00,-6.250000000000000000e-02,-6.250000000000000000e-02,9.125000000000000000e+00,5.625000000000000000e-01,4.687500000000000000e+00,3.206250000000000000e+02,-5.981250000000000000e+01,1.786250000000000000e+02,2.000000000000000000e+00,4.937500000000000000e+01,2.750000000000000000e+00,8.125000000000000000e+00,6.250000000000000000e-01,4.250000000000000000e+00,4.000000000000000083e-03
2.608750000000000000e+02,-1.293750000000000000e+01,-6.250000000000000000e-02,2.125000000000000000e+00,-6.250000000000000000e-02,-6.250000000000000000e-02,8.500000000000000000e+00,1.375000000000000000e+00,5.187500000000000000e+00,3.205625000000000000e+02,-5.931250000000000000e+01,1.787500000000000000e+02,-1.687500000000000000e+00,5.100000000000000000e+01,2.875000000000000000e+00,7.875000000000000000e+00,1.375000000000000000e+00,7.000000000000000000e+00,0.000000000000000000e+00
2.610000000000000000e+02,-1.237500000000000000e+01,-6.250000000000000000e-02,2.812500000000000000e+00,5.525000000000000000e+01,-6.250000000000000000e-02,8.625000000000000000e+00,2.125000000000000000e+00,5.875000000000000000e+00,3.206250000000000000e+02,-5.881250000000000000e+01,1.788125000000000000e+02,1.937500000000000000e+00,5.056250000000000000e+01,3.125000000000000000e+00,8.125000000000000000e+00,6.875000000000000000e-01,6.562500000000000000e+00,0.000000000000000000e+00
2.610000000000000000e+02,-1.237500000000000000e+01,-6.250000000000000000e-02,2.812500000000000000e+00,5.525000000000000000e+01,-8.062500000000000000e+00,8.375000000000000000e+00,2.062500000000000000e+00,-2.041312500000000000e+03,3.206875000000000000e+02,-5.837500000000000000e+01,1.787500000000000000e+02,7.250000000000000000e+00,4.850000000000000000e+01,2.437500000000000000e+00,8.687500000000000000e+00,-6.250000000000000000e-02,-6.250000000000000000e-02,0.000000000000000000e+00
2.612500000000000000e+02,-5.987500000000000000e+01,1.760000000000000000e+02,8.500000000000000000e+00,5.356250000000000000e+01,-6.250000000000000000e-02,8.375000000000000000e+00,2.062500000000000000e+00,6.687500000000000000e+00,3.206875000000000000e+02,-5.837500000000000000e+01,1.787500000000000000e+02,7.250000000000000000e+00,4.850000000000000000e+01,2.437500000000000000e+00,9.187500000000000000e+00,-6.250000000000000000e-02,-6.250000000000000000e-02,0.000000000000000000e+00
2.615000000000000000e+02,-5.937500000000000000e+01,1.758750000000000000e+02,1.131250000000000000e+01,5.181250000000000000e+01,-6.250000000000000000e-02,8.687500000000000000e+00,1.000000000000000000e+00,5.062500000000000000e+00,3.208750000000000000e+02,-5.787500000000000000e+01,1.787500000000000000e+02,9.125000000000000000e+00,-6.250000000000000000e-02,-6.250000000000000000e-02,9.187500000000000000e+00,-6.250000000000000000e-02,-6.250000000000000000e-02,0.000000000000000000e+00
2.617500000000000000e+02,-5.887500000000000000e+01,1.757500000000000000e+02,9.250000000000000000e+00,5.175000000000000000e+01,-6.250000000000000000e-02,8.562500000000000000e+00,3.750000000000000000e-01,4.812500000000000000e+00,3.210000000000000000e+02,-5.750000000000000000e+01,1.786875000000000000e+02,5.812500000000000000e+00,-6.250000000000000000e-02,-6.250000000000000000e-02,9.062500000000000000e+00,-6.250000000000000000e-02,-6.250000000000000000e-02,0.000000000000000000e+00
2.617500000000000000e+02,-5.887500000000000000e+01,1.757500000000000000e+02,7.375000000000000000e+00,5.243750000000000000e+01,-6.250000000000000000e-02,8.375000000000000000e+00,1.875000000000000000e-01,3.437500000000000000e+00,3.210625000000000000e+02,-5.712500000000000000e+01,1.786250000000000000e+02,3.500000000000000000e+00,-6.250000000000000000e-02,-6.250000000000000000e-02,8.375000000000000000e+00,-6.250000000000000000e-02,-6.250000000000000000e-02,0.000000000000000000e+00
2.620000000000000000e+02,-5.837500000000000000e+01,1.756250000000000000e+02,7.375000000000000000e+00,5.243750000000000000e+01,-6.250000000000000000e-02,7.875000000000000000e+00,-6.250000000000000000e-02,-6.250000000000000000e-02,3.210625000000000000e+02,-5.712500000000000000e+01,1.786250000000000000e+02,2.187500000000000000e+00,3.993750000000000000e+01,6.875000000000000000e-01,8.500000000000000000e+00,6.250000000000000000e-02,4.250000000000000000e+00,0.000000000000000000e+00
2.622500000000000000e+02,-5.787500000000000000e+01,1.755625000000000000e+02,6.875000000000000000e+00,5.156250000000000000e+01,-6.250000000000000000e-02,7.875000000000000000e+00,-6.250000000000000000e-02,-6.250000000000000000e-02,3.211250000000000000e+02,-5.668750000000000000e+01,1.786875000000000000e+02,3.562500000000000000e+00,3.981250000000000000e+01,8.750000000000000000e-01,7.500000000000000000e+00,-6.250000000000000000e-02,-6.250000000000000000e-02,0.000000000000000000e+00
2.625000000000000000e+02,-5.737500000000000000e+01,1.754375000000000000e+02,9.375000000000000000e+00,5.112500000000000000e+01,-6.250000000000000000e-02,7.562500000000000000e+00,-6.250000000000000000e-02,-6.250000000000000000e-02,3.211875000000000000e+02,-5.631250000000000000e+01,1.786250000000000000e+02,3.562500000000000000e+00,3.981250000000000000e+01,8.750000000000000000e-01,6.937500000000000000e+00,0.000000000000000000e+00,5.937500000000000000e+00,0.000000000000000000e+00
2.628125000000000000e+02,-5.687500000000000000e+01,1.752500000000000000e+02,1.081250000000000000e+01,5.000000000000000000e+01,-6.250000000000000000e-02,6.687500000000000000e+00,-6.250000000000000000e-02,-6.250000000000000000e-02,3.211875000000000000e+02,-6.250000000000000000e-02,-6.250000000000000000e-02,3.125000000000000000e+00,3.981250000000000000e+01,2.062500000000000000e+00,6.937500000000000000e+00,0.000000000000000000e+00,5.937500000000000000e+00,0.000000000000000000e+00
2.630625000000000000e+02,-5.637500000000000000e+01,1.751250000000000000e+02,6.750000000000000000e+00,4.881250000000000000e+01,-6.250000000000000000e-02,6.187500000000000000e+00,-6.250000000000000000e-02,-6.250000000000000000e-02,3.211875000000000000e+02,-6.250000000000000000e-02,-6.250000000000000000e-02,-1.187500000000000000e+00,3.793750000000000000e+01,4.000000000000000000e+00,7.000000000000000000e+00,-6.250000000000000000e-02,-6.250000000000000000e-02,0.000000000000000000e+00
2.631875000000000000e+02,-6.250000000000000000e-02,-6.250000000000000000e-02,2.812500000000000000e+00,-6.250000000000000000e-02,-6.250000000000000000e-02,6.000000000000000000e+00,5.000000000000000000e-01,3.687500000000000000e+00,3.210625000000000000e+02,-6.250000000000000000e-02,-6.250000000000000000e-02,-3.375000000000000000e+00,3.631250000000000000e+01,5.375000000000000000e+00,5.812500000000000000e+00,-6.250000000000000000e-02,-6.250000000000000000e-02,0.000000000000000000e+00
2.633125000000000000e+02,-6.250000000000000000e-02,-6.250000000000000000e-02,2.000000000000000000e+00,-6.250000000000000000e-02,-6.250000000000000000e-02,5.687500000000000000e+00,8.125000000000000000e-01,4.187500000000000000e+00,3.210000000000000000e+02,-6.250000000000000000e-02,-6.250000000000000000e-02,-1.562500000000000000e+00,3.581250000000000000e+01,5.750000000000000000e+00,5.500000000000000000e+00,1.375000000000000000e+00,5.000000000000000000e+00,0.000000000000000000e+00
2.633125000000000000e+02,-6.250000000000000000e-02,-6.250000000000000000e-02,1.687500000000000000e+00,-6.250000000000000000e-02,-6.250000000000000000e-02,5.000000000000000000e+00,1.250000000000000000e+00,4.000000000000000000e+00,3.209375000000000000e+02,-6.250000000000000000e-02,-6.250000000000000000e-02,1.062500000000000000e+00,3.550000000000000000e+01,5.250000000000000000e+00,4.187500000000000000e+00,1.312500000000000000e+00,6.500000000000000000e+00,0.000000000000000000e+00
2.634375000000000000e+02,-6.250000000000000000e-02,-6.250000000000000000e-02,1.687500000000000000e+00,-6.250000000000000000e-02,-6.250000000000000000e-02,5.000000000000000000e+00,1.250000000000000000e+00,4.000000000000000000e+00,3.209375000000000000e+02,-6.250000000000000000e-02,-6.250000000000000000e-02,1.062500000000000000e+00,3.550000000000000000e+01,5.250000000000000000e+00,4.312500000000000000e+00,1.437500000000000000e+00,3.625000000000000000e+00,0.000000000000000000e+00
2.635000000000000000e+02,-6.250000000000000000e-02,-6.250000000000000000e-02,-9.375000000000000000e-01,4.343750000000000000e+01,-6.250000000000000000e-02,4.937500000000000000e+00,1.750000000000000000e+00,4.000000000000000000e+00,3.209375000000000000e+02,-6.250000000000000000e-02,-6.250000000000000000e-02,7.500000000000000000e-01,3.337500000000000000e+01,4.625000000000000000e+00,4.312500000000000000e+00,1.437500000000000000e+00,3.625000000000000000e+00,0.000000000000000000e+00
2.635000000000000000e+02,-6.250000000000000000e-02,-6.250000000000000000e-02,-2.500000000000000000e-01,4.168750000000000000e+01,6.875000000000000000e-01,2.437500000000000000e+00,0.000000000000000000e+00,5.625000000000000000e-01,3.208750000000000000e+02,-6.250000000000000000e-02,-6.250000000000000000e-02,1.312500000000000000e+00,3.312500000000000000e+01,4.250000000000000000e+00,2.500000000000000000e+00,-6.250000000000000000e-02,-6.250000000000000000e-02,2.000000000000000042e-03
2.636250000000000000e+02,-6.250000000000000000e-02,-6.250000000000000000e-02,2.312500000000000000e+00,-6.250000000000000000e-02,-6.250000000000000000e-02,1.375000000000000000e+00,-6.250000000000000000e-02,-6.250000000000000000e-02,3.209375000000000000e+02,-6.250000000000000000e-02,-6.250000000000000000e-02,4.437500000000000000e+00,3.275000000000000000e+01,4.250000000000000000e+00,2.500000000000000000e+00,-6.250000000000000000e-02,-6.250000000000000000e-02,0.000000000000000000e+00
2.636875000000000000e+02,-6.250000000000000000e-02,-6.250000000000000000e-02,4.562500000000000000e+00,-6.250000000000000000e-02,-6.250000000000000000e-02,4.375000000000000000e-01,-6.250000000000000000e-02,-6.250000000000000000e-02,3.210000000000000000e+02,-6.250000000000000000e-02,-6.250000000000000000e-02,4.875000000000000000e+00,-6.250000000000000000e-02,-6.250000000000000000e-02,1.812500000000000000e+00,-6.250000000000000000e-02,-6.250000000000000000e-02,0.000000000000000000e+00
2.636875000000000000e+02,-6.250000000000000000e-02,-6.250000000000000000e-02,4.562500000000000000e+00,-6.250000000000000000e-02,-6.250000000000000000e-02,4.375000000000000000e-01,-6.250000000000000000e-02,-6.250000000000000000e-02,3.208750000000000000e+02,-6.250000000000000000e-02,-6.250000000000000000e-02,-2.187500000000000000e+00,2.887500000000000000e+01,7.375000000000000000e+00,1.250000000000000000e+00,8.750000000000000000e-01,1.187500000000000000e+00,0.000000000000000000e+00
2.637500000000000000e+02,-6.250000000000000000e-02,-6.250000000000000000e-02,8.125000000000000000e-01,-6.250000000000000000e-02,-6.250000000000000000e-02,-6.875000000000000000e-01,1.250000000000000000e+00,-6.250000000000000000e-02,3.208750000000000000e+02,-6.250000000000000000e-02,-6.250000000000000000e-02,-2.187500000000000000e+00,2.887500000000000000e+01,7.375000000000000000e+00,-9.375000000000000000e-01,1.875000000000000000e-01,2.187500000000000000e+00,0.000000000000000000e+00
2.636875000000000000e+02,-6.250000000000000000e-02,-6.250000000000000000e-02,-6.250000000000000000e+00,-6.250000000000000000e-02,-6.250000000000000000e-02,-1.000000000000000000e+00,6.250000000000000000e-01,9.375000000000000000e-01,3.206250000000000000e+02,-6.250000000000000000e-02,-6.250000000000000000e-02,-9.437500000000000000e+00,2.668750000000000000e+01,-6.250000000000000000e-02,-9.375000000000000000e-01,1.875000000000000000e-01,2.187500000000000000e+00,0.000000000000000000e+00
2.635625000000000000e+02,-6.250000000000000000e-02,-6.250000000000000000e-02,-8.250000000000000000e+00,3.900000000000000000e+01,8.125000000000000000e-01,-1.187500000000000000e+00,-6.250000000000000000e-02,1.687500000000000000e+00,3.203125000000000000e+02,-6.250000000000000000e-02,-6.250000000000000000e-02,-9.500000000000000000e+00,2.575000000000000000e+01,-6.250000000000000000e-02,-8.750000000000000000e-01,-6.250000000000000000e-01,1.937500000000000000e+00,0.000000000000000000e+00
2.633750000000000000e+02,-6.250000000000000000e-02,-6.250000000000000000e-02,-9.437500000000000000e+00,3.750000000000000000e+01,9.375000000000000000e-01,-1.250000000000000000e+00,2.062500000000000000e+00,1.125000000000000000e+00,3.200625000000000000e+02,-6.250000000000000000e-02,-6.250000000000000000e-02,-9.500000000000000000e+00,2.412500000000000000e+01,-6.250000000000000000e-02,-1.000000000000000000e+00,-9.375000000000000000e-01,1.875000000000000000e+00,0.000000000000000000e+00
2.633750000000000000e+02,-6.250000000000000000e-02,-6.250000000000000000e-02,-9.437500000000000000e+00,3.750000000000000000e+01,9.375000000000000000e-01,-9.375000000000000000e-01,3.187500000000000000e+00,2.187500000000000000e+00,3.198125000000000000e+02,-6.250000000000000000e-02,-6.250000000000000000e-02,-7.000000000000000000e+00,-6.250000000000000000e-02,-6.250000000000000000e-02,-1.750000000000000000e+00,-4.375000000000000000e-01,1.375000000000000000e+00,0.000000000000000000e+00
2.632500000000000000e+02,-6.250000000000000000e-02,-6.250000000000000000e-02,-8.062500000000000000e+00,3.643750000000000000e+01,1.437500000000000000e+00,-1.187500000000000000e+00,1.500000000000000000e+00,1.312500000000000000e+00,3.198125000000000000e+02,-6.250000000000000000e-02,-6.250000000000000000e-02,8.125000000000000000e-01,-6.250000000000000000e-02,-6.250000000000000000e-02,-1.000000000000000000e+00,3.125000000000000000e-01,2.562500000000000000e+00,0.000000000000000000e+00
2.632500000000000000e+02,-6.250000000000000000e-02,-6.250000000000000000e-02,-1.437500000000000000e+00,3.481250000000000000e+01,1.875000000000000000e+00,-1.187500000000000000e+00,1.500000000000000000e+00,1.312500000000000000e+00,3.198125000000000000e+02,-6.250000000000000000e-02,-6.250000000000000000e-02,8.125000000000000000e-01,-6.250000000000000000e-02,-6.250000000000000000e-02,-1.062500000000000000e+00,1.000000000000000000e+00,3.750000000000000000e-01,0.000000000000000000e+00
2.633750000000000000e+02,-6.250000000000000000e-02,-6.250000000000000000e-02,3.812500000000000000e+00,3.256250000000000000e+01,2.687500000000000000e+00,-1.500000000000000000e+00,1.187500000000000000e+00,-6.250000000000000000e-02,3.198750000000000000e+02,-6.250000000000000000e-02,-6.250000000000000000e-02,7.937500000000000000e+00,-6.250000000000000000e-02,-6.250000000000000000e-02,-1.062500000000000000e+00,1.000000000000000000e+00,3.750000000000000000e-01,0.000000000000000000e+00
2.635000000000000000e+02,-6.250000000000000000e-02,-6.250000000000000000e-02,5.750000000000000000e+00,-6.250000000000000000e-02,-6.250000000000000000e-02,-2.500000000000000000e+00,2.187500000000000000e+00,-6.250000000000000000e-02,3.200000000000000000e+02,-6.250000000000000000e-02,-6.250000000000000000e-02,8.125000000000000000e+00,-6.250000000000000000e-02,-6.250000000000000000e-02,-1.500000000000000000e+00,2.375000000000000000e+00,-6.250000000000000000e-02,0.000000000000000000e+00
2.636250000000000000e+02,-6.250000000000000000e-02,-6.250000000000000000e-02,5.812500000000000000e+00,-6.250000000000000000e-02,-6.250000000000000000e-02,-3.437500000000000000e+00,2.562500000000000000e+00,-6.250000000000000000e-02,3.200000000000000000e+02,-6.250000000000000000e-02,-6.250000000000000000e-02,4.875000000000000000e+00,2.343750000000000000e+01,7.062500000000000000e+00,-3.375000000000000000e+00,4.375000000000000000e+00,1.250000000000000000e-01,0.000000000000000000e+00
2.636250000000000000e+02,-6.250000000000000000e-02,-6.250000000000000000e-02,5.812500000000000000e+00,-6.250000000000000000e-02,-6.250000000000000000e-02,-3.937500000000000000e+00,2.375000000000000000e+00,-6.250000000000000000e-02,3.198750000000000000e+02,-6.250000000000000000e-02,-6.250000000000000000e-02,-2.687500000000000000e+00,2.050000000000000000e+01,-6.250000000000000000e-02,-4.062500000000000000e+00,-6.250000000000000000e-02,-6.250000000000000000e-02,0.000000000000000000e+00
2.636250000000000000e+02,-6.250000000000000000e-02,-6.250000000000000000e-02,5.625000000000000000e-01,-6.250000000000000000e-02,-6.250000000000000000e-02,-3.937500000000000000e+00,2.375000000000000000e+00,-6.250000000000000000e-02,3.195625000000000000e+02,-6.250000000000000000e-02,-6.250000000000000000e-02,-1.056250000000000000e+01,1.606250000000000000e+01,-6.250000000000000000e-02,-4.500000000000000000e+00,-6.250000000000000000e-02,-6.250000000000000000e-02,0.000000000000000000e+00
2.635625000000000000e+02,-6.250000000000000000e-02,-6.250000000000000000e-02,-4.562500000000000000e+00,-6.250000000000000000e-02,-6.250000000000000000e-02,-4.687500000000000000e+00,-6.250000000000000000e-02,-6.250000000000000000e-02,3.195625000000000000e+02,-6.250000000000000000e-02,-6.250000000000000000e-02,-1.056250000000000000e+01,1.606250000000000000e+01,-6.250000000000000000e-02,-4.375000000000000000e+00,-6.250000000000000000e-02,-6.250000000000000000e-02,0.000000000000000000e+00
2.633750000000000000e+02,-6.250000000000000000e-02,-6.250000000000000000e-02,-7.750000000000000000e+00,-6.250000000000000000e-02,-6.250000000000000000e-02,-5.000000000000000000e+00,-6.250000000000000000e-02,-6.250000000000000000e-02,3.190625000000000000e+02,-6.250000000000000000e-02,-6.250000000000000000e-02,-1.712500000000000000e+01,1.168750000000000000e+01,-6.250000000000000000e-02,-4.375000000000000000e+00,-6.250000000000000000e-02,-6.250000000000000000e-02,2.000000000000000042e-03
2.631875000000000000e+02,-6.250000000000000000e-02,-6.250000000000000000e-02,-9.625000000000000000e+00,2.700000000000000000e+01,2.687500000000000000e+00,-4.875000000000000000e+00,-6.250000000000000000e-02,-6.250000000000000000e-02,3.185625000000000000e+02,-6.250000000000000000e-02,-6.250000000000000000e-02,-1.818750000000000000e+01,9.125000000000000000e+00,-6.250000000000000000e-02,-4.375000000000000000e+00,-6.250000000000000000e-02,-6.250000000000000000e-02,6.000000000000000125e-03
2.630000000000000000e+02,-6.250000000000000000e-02,-6.250000000000000000e-02,-8.812500000000000000e+00,2.493750000000000000e+01,3.687500000000000000e+00,-4.875000000000000000e+00,-6.250000000000000000e-02,-6.250000000000000000e-02,3.182500000000000000e+02,-6.250000000000000000e-02,-6.250000000000000000e-02,-9.625000000000000000e+00,8.937500000000000000e+00,-6.250000000000000000e-02,-4.500000000000000000e+00,-6.250000000000000000e-02,-6.250000000000000000e-02,0.000000000000000000e+00
2.630000000000000000e+02,-6.250000000000000000e-02,-6.250000000000000000e-02,-8.812500000000000000e+00,2.493750000000000000e+01,3.687500000000000000e+00,-5.500000000000000000e+00,-6.250000000000000000e-02,-6.250000000000000000e-02,3.181875000000000000e+02,-6.250000000000000000e-02,-6.250000000000000000e-02,1.500000000000000000e+00,-6.250000000000000000e-02,-6.250000000000000000e-02,-3.812500000000000000e+00,-7.000000000000000000e+00,-6.250000000000000000e-02,0.000000000000000000e+00
2.629375000000000000e+02,-6.250000000000000000e-02,-6.250000000000000000e-02,-2.000000000000000000e+00,2.156250000000000000e+01,4.875000000000000000e+00,-5.500000000000000000e+00,-6.250000000000000000e-02,-6.250000000000000000e-02,3.183750000000000000e+02,-6.250000000000000000e-02,-6.250000000000000000e-02,1.243750000000000000e+01,-6.250000000000000000e-02,-6.250000000000000000e-02,-3.625000000000000000e+00,-3.500000000000000000e+00,-6.250000000000000000e-01,0.000000000000000000e+00
2.630000000000000000e+02,-6.250000000000000000e-02,-6.250000000000000000e-02,3.312500000000000000e+00,1.906250000000000000e+01,5.562500000000000000e+00,-5.375000000000000000e+00,-6.250000000000000000e-02,-6.250000000000000000e-02,3.183750000000000000e+02,-6.250000000000000000e-02,-6.250000000000000000e-02,1.243750000000000000e+01,-6.250000000000000000e-02,-6.250000000000000000e-02,-5.000000000000000000e+00,-6.250000000000000000e-02,-6.250000000000000000e-02,0.000000000000000000e+00
2.631875000000000000e+02,-6.250000000000000000e-02,-6.250000000000000000e-02,1.075000000000000000e+01,1.618750000000000000e+01,5.437500000000000000e+00,-6.000000000000000000e+00,-6.250000000000000000e-02,-6.250000000000000000e-02,3.188750000000000000e+02,-6.250000000000000000e-02,-6.250000000000000000e-02,2.406250000000000000e+01,1.762500000000000000e+01,2.875000000000000000e+00,-5.000000000000000000e+00,-6.250000000000000000e-02,-6.250000000000000000e-02,0.000000000000000000e+00
2.634375000000000000e+02,-6.250000000000000000e-02,-6.250000000000000000e-02,1.425000000000000000e+01,-6.250000000000000000e-02,-6.250000000000000000e-02,-6.937500000000000000e+00,-6.250000000000000000e-02,-6.250000000000000000e-02,3.193750000000000000e+02,-6.250000000000000000e-02,-6.250000000000000000e-02,2.606250000000000000e+01,1.650000000000000000e+01,6.875000000000000000e-01,-6.437500000000000000e+00,-6.250000000000000000e-02,-6.250000000000000000e-02,5.000000000000000104e-03
2.636250000000000000e+02,-6.250000000000000000e-02,-6.250000000000000000e-02,9.500000000000000000e+00,1.643750000000000000e+01,2.812500000000000000e+00,-7.062500000000000000e+00,-6.250000000000000000e-02,-6.250000000000000000e-02,3.196250000000000000e+02,-6.250000000000000000e-02,-6.250000000000000000e-02,1.187500000000000000e+01,-6.250000000000000000e-02,-6.250000000000000000e-02,-6.062500000000000000e+00,-6.250000000000000000e-02,-6.250000000000000000e-02,0.000000000000000000e+00
2.636875000000000000e+02,-1.600000000000000000e+01,-6.250000000000000000e-02,1.562500000000000000e+00,1.768750000000000000e+01,1.562500000000000000e+00,-6.062500000000000000e+00,-6.250000000000000000e-02,-6.250000000000000000e-02,3.193750000000000000e+02,-6.250000000000000000e-02,-6.250000000000000000e-02,-8.000000000000000000e+00,-6.250000000000000000e-02,-6.250000000000000000e-02,-6.062500000000000000e+00,-6.250000000000000000e-02,-6.250000000000000000e-02,0.000000000000000000e+00
2.636250000000000000e+02,-1.581250000000000000e+01,-6.250000000000000000e-02,-3.937500000000000000e+00,1.693750000000000000e+01,1.000000000000000000e+00,-6.500000000000000000e+00,-6.250000000000000000e-02,-6.250000000000000000e-02,3.188750000000000000e+02,-6.250000000000000000e-02,-6.250000000000000000e-02,-4.062500000000000000e+00,-6.250000000000000000e-02,-6.250000000000000000e-02,-5.187500000000000000e+00,-6.250000000000000000e-02,-6.250000000000000000e-02,0.000000000000000000e+00
2.636250000000000000e+02,-1.581250000000000000e+01,-6.250000000000000000e-02,-3.937500000000000000e+00,1.693750000000000000e+01,1.000000000000000000e+00,-6.500000000000000000e+00,-6.250000000000000000e-02,-6.250000000000000000e-02,3.183125000000000000e+02,-6.250000000000000000e-02,-6.250000000000000000e-02,-5.000000000000000000e+00,-6.250000000000000000e-02,-6.250000000000000000e-02,-4.937500000000000000e+00,-6.250000000000000000e-02,-6.250000000000000000e-02,1.000000000000000021e-03
2.634375000000000000e+02,-1.568750000000000000e+01,-6.250000000000000000e-02,-8.187500000000000000e+00,1.518750000000000000e+01,1.562500000000000000e+00,-6.062500000000000000e+00,-6.250000000000000000e-02,-6.250000000000000000e-02,3.183125000000000000e+02,-6.250000000000000000e-02,-6.250000000000000000e-02,-1.243750000000000000e+01,-6.250000000000000000e-02,-6.250000000000000000e-02,-4.875000000000000000e+00,-6.250000000000000000e-02,-6.250000000000000000e-02,2.000000000000000042e-03
2.633125000000000000e+02,-1.556250000000000000e+01,-6.250000000000000000e-02,-6.125000000000000000e+00,-6.250000000000000000e-02,-6.250000000000000000e-02,-5.937500000000000000e+00,-6.250000000000000000e-02,-6.250000000000000000e-02,3.179375000000000000e+02,-6.250000000000000000e-02,-6.250000000000000000e-02,-1.243750000000000000e+01,-6.250000000000000000e-02,-6.250000000000000000e-02,-4.875000000000000000e+00,-6.250000000000000000e-02,-6.250000000000000000e-02,1.400000000000000029e-02
2.632500000000000000e+02,-1.543750000000000000e+01,-6.250000000000000000e-02,6.250000000000000000e-01,-6.250000000000000000e-02,-6.250000000000000000e-02,-5.875000000000000000e+00,-6.250000000000000000e-02,-6.250000000000000000e-02,3.178750000000000000e+02,-6.250000000000000000e-02,-6.250000000000000000e-02,1.250000000000000000e-01,1.000000000000000000e+00,-6.250000000000000000e-02,-3.312500000000000000e+00,-8.625000000000000000e+00,-1.000000000000000000e+00,3.000000000000000062e-03
2.632500000000000000e+02,-1.543750000000000000e+01,-6.250000000000000000e-02,6.250000000000000000e-01,-6.250000000000000000e-02,-6.250000000000000000e-02,-7.375000000000000000e+00,-6.250000000000000000e-02,-6.250000000000000000e-02,3.181875000000000000e+02,-6.250000000000000000e-02,-6.250000000000000000e-02,1.931250000000000000e+01,3.500000000000000000e+00,4.562500000000000000e+00,-5.125000000000000000e+00,-6.250000000000000000e-02,-6.250000000000000000e-02,0.000000000000000000e+00
2.635000000000000000e+02,-1.543750000000000000e+01,-6.250000000000000000e-02,1.206250000000000000e+01,4.750000000000000000e+00,5.062500000000000000e+00,-8.375000000000000000e+00,-2.000000000000000000e+00,-7.687500000000000000e+00,3.190000000000000000e+02,-6.250000000000000000e-02,-6.250000000000000000e-02,3.650000000000000000e+01,4.562500000000000000e+00,6.250000000000000000e-02,-8.500000000000000000e+00,-1.875000000000000000e-01,-8.062500000000000000e+00,0.000000000000000000e+00
2.640000000000000000e+02,-1.537500000000000000e+01,-6.250000000000000000e-02,2.387500000000000000e+01,2.625000000000000000e+00,5.375000000000000000e+00,-8.375000000000000000e+00,-2.000000000000000000e+00,-7.687500000000000000e+00,3.190000000000000000e+02,-6.250000000000000000e-02,-6.250000000000000000e-02,3.618750000000000000e+01,5.875000000000000000e+00,-6.250000000000000000e-02,-8.562500000000000000e+00,4.312500000000000000e+00,-6.250000000000000000e-02,0.000000000000000000e+00
2.645000000000000000e+02,-1.537500000000000000e+01,-6.250000000000000000e-02,2.675000000000000000e+01,4.375000000000000000e+00,4.812500000000000000e+00,-9.750000000000000000e+00,-8.125000000000000000e-01,-9.312500000000000000e+00,3.197500000000000000e+02,-6.250000000000000000e-02,-6.250000000000000000e-02,3.618750000000000000e+01,5.875000000000000000e+00,-6.250000000000000000e-02,-8.562500000000000000e+00,4.312500000000000000e+00,-6.250000000000000000e-02,0.000000000000000000e+00
2.648750000000000000e+02,-1.531250000000000000e+01,-6.250000000000000000e-02,1.800000000000000000e+01,5.437500000000000000e+00,2.750000000000000000e+00,-9.187500000000000000e+00,2.250000000000000000e+00,-8.187500000000000000e+00,3.201250000000000000e+02,-6.250000000000000000e-02,-6.250000000000000000e-02,1.775000000000000000e+01,2.187500000000000000e+00,1.250000000000000000e-01,-6.750000000000000000e+00,-6.250000000000000000e-02,-6.250000000000000000e-02,7.000000000000000146e-03
2.650000000000000000e+02,-1.525000000000000000e+01,-6.250000000000000000e-02,4.625000000000000000e+00,6.437500000000000000e+00,-6.250000000000000000e-02,-7.687500000000000000e+00,-6.250000000000000000e-02,-6.250000000000000000e-02,3.200000000000000000e+02,-6.250000000000000000e-02,-6.250000000000000000e-02,-3.750000000000000000e+00,-3.375000000000000000e+00,4.437500000000000000e+00,-6.750000000000000000e+00,-6.250000000000000000e-02,-6.250000000000000000e-02,0.000000000000000000e+00
2.649375000000000000e+02,-1.518750000000000000e+01,-6.250000000000000000e-02,-3.312500000000000000e+00,4.562500000000000000e+00,-6.250000000000000000e-02,-6.562500000000000000e+00,-6.250000000000000000e-02,-6.250000000000000000e-02,3.196250000000000000e+02,-6.250000000000000000e-02,-6.250000000000000000e-02,-1.431250000000000000e+01,-6.250000000000000000e-02,-6.250000000000000000e-02,-7.125000000000000000e+00,-6.250000000000000000e-02,-6.250000000000000000e-02,0.000000000000000000e+00
2.649375000000000000e+02,-1.518750000000000000e+01,-6.250000000000000000e-02,-3.312500000000000000e+00,4.562500000000000000e+00,-6.250000000000000000e-02,-5.875000000000000000e+00,-6.250000000000000000e-02,-6.250000000000000000e-02,3.192500000000000000e+02,-6.250000000000000000e-02,-6.250000000000000000e-02,-1.375000000000000000e+01,-6.250000000000000000e-02,-6.250000000000000000e-02,-6.312500000000000000e+00,-6.250000000000000000e-02,-6.250000000000000000e-02,0.000000000000000000e+00
2.648750000000000000e+02,-1.518750000000000000e+01,-6.250000000000000000e-02,-3.562500000000000000e+00,2.625000000000000000e+00,-6.250000000000000000e-02,-5.875000000000000000e+00,-6.250000000000000000e-02,-6.250000000000000000e-02,3.190000000000000000e+02,-6.250000000000000000e-02,-6.250000000000000000e-02,-8.875000000000000000e+00,-9.375000000000000000e+00,9.375000000000000000e+00,-4.687500000000000000e+00,-6.250000000000000000e-02,-6.250000000000000000e-02,0.000000000000000000e+00
2.648125000000000000e+02,-1.518750000000000000e+01,-6.250000000000000000e-02,-1.500000000000000000e+00,-1.187500000000000000e+00,3.125000000000000000e-01,-6.000000000000000000e+00,-6.250000000000000000e-02,-6.250000000000000000e-02,3.190000000000000000e+02,-6.250000000000000000e-02,-6.250000000000000000e-02,-8.875000000000000000e+00,-9.375000000000000000e+00,9.375000000000000000e+00,-5.687500000000000000e+00,-6.250000000000000000e-02,-6.250000000000000000e-02,0.000000000000000000e+00
2.648125000000000000e+02,-1.525000000000000000e+01,-6.250000000000000000e-02,2.500000000000000000e-01,-6.250000000000000000e-02,-6.250000000000000000e-02,-6.562500000000000000e+00,-6.250000000000000000e-02,-6.250000000000000000e-02,3.188750000000000000e+02,-6.250000000000000000e-02,-6.250000000000000000e-02,-1.625000000000000000e+00,-9.750000000000000000e+00,6.625000000000000000e+00,-5.687500000000000000e+00,-6.250000000000000000e-02,-6.250000000000000000e-02,0.000000000000000000e+00
2.648750000000000000e+02,-1.531250000000000000e+01,-6.250000000000000000e-02,4.562500000000000000e+00,-6.250000000000000000e-02,-6.250000000000000000e-02,-7.625000000000000000e+00,-6.250000000000000000e-02,-6.250000000000000000e-02,3.190000000000000000e+02,-6.250000000000000000e-02,-6.250000000000000000e-02,8.375000000000000000e+00,-8.625000000000000000e+00,3.625000000000000000e+00,-7.000000000000000000e+00,-6.250000000000000000e-02,-6.250000000000000000e-02,0.000000000000000000e+00
2.648750000000000000e+02,-1.531250000000000000e+01,-6.250000000000000000e-02,3.375000000000000000e+00,-6.250000000000000000e-02,-6.250000000000000000e-02,-8.375000000000000000e+00,-3.875000000000000000e+00,-8.000000000000000000e+00,3.192500000000000000e+02,-6.250000000000000000e-02,-6.250000000000000000e-02,1.031250000000000000e+01,-6.250000000000000000e-02,-6.250000000000000000e-02,-8.062500000000000000e+00,-4.125000000000000000e+00,-6.250000000000000000e-02,0.000000000000000000e+00
2.648750000000000000e+02,-1.537500000000000000e+01,-6.250000000000000000e-02,3.375000000000000000e+00,-6.250000000000000000e-02,-6.250000000000000000e-02,-8.375000000000000000e+00,-3.875000000000000000e+00,-8.000000000000000000e+00,3.193125000000000000e+02,-6.250000000000000000e-02,-6.250000000000000000e-02,3.687500000000000000e+00,-6.250000000000000000e-02,-6.250000000000000000e-02,-8.125000000000000000e+00,-1.000000000000000000e+00,-6.750000000000000000e+00,0.000000000000000000e+00
2.648125000000000000e+02,-1.543750000000000000e+01,-6.250000000000000000e-02,0.000000000000000000e+00,-6.250000000000000000e-02,-6.250000000000000000e-02,-9.250000000000000000e+00,-8.125000000000000000e-01,-9.187500000000000000e+00,3.193125000000000000e+02,-6.250000000000000000e-02,-6.250000000000000000e-02,3.687500000000000000e+00,-6.250000000000000000e-02,-6.250000000000000000e-02,-9.687500000000000000e+00,3.750000000000000000e-01,-6.250000000000000000e-02,0.000000000000000000e+00
2.646875000000000000e+02,-1.543750000000000000e+01,-6.250000000000000000e-02,-6.250000000000000000e+00,-6.250000000000000000e-02,-6.250000000000000000e-02,-9.750000000000000000e+00,-5.625000000000000000e-01,-6.812500000000000000e+00,3.191875000000000000e+02,-6.250000000000000000e-02,-6.250000000000000000e-02,-6.687500000000000000e+00,-6.250000000000000000e-02,-6.250000000000000000e-02,-9.687500000000000000e+00,3.750000000000000000e-01,-6.250000000000000000e-02,0.000000000000000000e+00
2.643750000000000000e+02,-1.550000000000000000e+01,-6.250000000000000000e-02,-1.343750000000000000e+01,-6.250000000000000000e-02,-6.250000000000000000e-02,-9.625000000000000000e+00,-1.375000000000000000e+00,-7.312500000000000000e+00,3.188750000000000000e+02,-6.250000000000000000e-02,-6.250000000000000000e-02,-1.618750000000000000e+01,-1.268750000000000000e+01,-6.250000000000000000e-02,-9.562500000000000000e+00,-6.875000000000000000e-01,-6.937500000000000000e+00,0.000000000000000000e+00
2.640625000000000000e+02,-1.556250000000000000e+01,-6.250000000000000000e-02,-1.606250000000000000e+01,-6.437500000000000000e+00,-6.250000000000000000e-02,-9.562500000000000000e+00,-2.500000000000000000e-01,-9.250000000000000000e+00,3.184375000000000000e+02,-6.250000000000000000e-02,-6.250000000000000000e-02,-4.062500000000000000e+00,-6.250000000000000000e-02,-6.250000000000000000e-02,-8.812500000000000000e+00,-1.375000000000000000e+00,-3.750000000000000000e-01,0.000000000000000000e+00
2.640625000000000000e+02,-1.556250000000000000e+01,-6.250000000000000000e-02,-1.606250000000000000e+01,-6.437500000000000000e+00,-6.250000000000000000e-02,-9.812500000000000000e+00,-5.000000000000000000e-01,-7.562500000000000000e+00,3.181250000000000000e+02,-6.250000000000000000e-02,-6.250000000000000000e-02,-1.700000000000000000e+01,-1.293750000000000000e+01,-6.250000000000000000e-02,-8.000000000000000000e+00,-6.250000000000000000e-02,-6.250000000000000000e-02,0.000000000000000000e+00
2.637500000000000000e+02,-1.562500000000000000e+01,-6.250000000000000000e-02,-1.368750000000000000e+01,-6.250000000000000000e-02,-6.250000000000000000e-02,-9.812500000000000000e+00,-5.000000000000000000e-01,-7.562500000000000000e+00,3.180000000000000000e+02,-6.250000000000000000e-02,-6.250000000000000000e-02,-6.375000000000000000e+00,-6.250000000000000000e-02,-6.250000000000000000e-02,-8.312500000000000000e+00,-2.250000000000000000e+00,-8.250000000000000000e+00,0.000000000000000000e+00
2.635625000000000000e+02,-1.575000000000000000e+01,-6.250000000000000000e-02,-8.250000000000000000e+00,-8.750000000000000000e+00,-2.562500000000000000e+00,-1.000000000000000000e+01,-2.500000000000000000e-01,-6.750000000000000000e+00,3.180000000000000000e+02,-6.250000000000000000e-02,-6.250000000000000000e-02,-6.375000000000000000e+00,-6.250000000000000000e-02,-6.250000000000000000e-02,-8.687500000000000000e+00,-1.687500000000000000e+00,-1.087500000000000000e+01,0.000000000000000000e+00
2.635625000000000000e+02,-1.581250000000000000e+01,-6.250000000000000000e-02,-1.750000000000000000e+00,-1.006250000000000000e+01,-1.937500000000000000e+00,-9.625000000000000000e+00,-8.125000000000000000e-01,-7.812500000000000000e+00,3.181875000000000000e+02,-6.250000000000000000e-02,-6.250000000000000000e-02,6.000000000000000000e+00,-9.500000000000000000e+00,-3.062500000000000000e+00,-8.687500000000000000e+00,-1.687500000000000000e+00,-1.087500000000000000e+01,0.000000000000000000e+00
2.636875000000000000e+02,-1.593750000000000000e+01,-6.250000000000000000e-02,5.500000000000000000e+00,-1.112500000000000000e+01,-1.500000000000000000e+00,-1.106250000000000000e+01,2.062500000000000000e+00,-1.437500000000000000e+01,3.185000000000000000e+02,-6.250000000000000000e-02,-6.250000000000000000e-02,1.406250000000000000e+01,-6.250000000000000000e-02,-6.250000000000000000e-02,-9.250000000000000000e+00,2.500000000000000000e-01,-1.406250000000000000e+01,0.000000000000000000e+00
2.636875000000000000e+02,-1.593750000000000000e+01,-6.250000000000000000e-02,5.937500000000000000e+00,-9.250000000000000000e+00,-1.687500000000000000e+00,-1.162500000000000000e+01,3.500000000000000000e+00,-1.312500000000000000e+01,3.188125000000000000e+02,-6.250000000000000000e-02,-6.250000000000000000e-02,1.087500000000000000e+01,-6.250000000000000000e-02,-6.250000000000000000e-02,-1.131250000000000000e+01,8.125000000000000000e-01,-1.093750000000000000e+01,0.000000000000000000e+00
2.638125000000000000e+02,-1.600000000000000000e+01,-6.250000000000000000e-02,5.937500000000000000e+00,-9.250000000000000000e+00,-1.687500000000000000e+00,-1.118750000000000000e+01,2.875000000000000000e+00,-1.000000000000000000e+01,3.188125000000000000e+02,-6.250000000000000000e-02,-6.250000000000000000e-02,-1.375000000000000000e+00,-8.687500000000000000e+00,-6.312500000000000000e+00,-1.100000000000000000e+01,-5.625000000000000000e-01,-9.125000000000000000e+00,0.000000000000000000e+00
2.638125000000000000e+02,-6.250000000000000000e-02,-6.250000000000000000e-02,-1.187500000000000000e+00,-5.937500000000000000e+00,-6.250000000000000000e-02,-1.118750000000000000e+01,2.875000000000000000e+00,-1.000000000000000000e+01,3.186250000000000000e+02,-6.250000000000000000e-02,-6.250000000000000000e-02,-1.243750000000000000e+01,-6.250000000000000000e-02,-6.250000000000000000e-02,-9.812500000000000000e+00,-1.500000000000000000e+00,-8.937500000000000000e+00,0.000000000000000000e+00
2.636875000000000000e+02,-6.250000000000000000e-02,-6.250000000000000000e-02,-9.062500000000000000e+00,-5.750000000000000000e+00,-6.250000000000000000e-02,-1.037500000000000000e+01,-1.750000000000000000e+00,-8.625000000000000000e+00,3.186250000000000000e+02,-6.250000000000000000e-02,-6.250000000000000000e-02,-1.243750000000000000e+01,-6.250000000000000000e-02,-6.250000000000000000e-02,-9.125000000000000000e+00,-3.375000000000000000e+00,-5.687500000000000000e+00,0.000000000000000000e+00
2.634375000000000000e+02,-6.250000000000000000e-02,-6.250000000000000000e-02,-1.362500000000000000e+01,-6.250000000000000000e-02,-6.250000000000000000e-02,-9.062500000000000000e+00,-2.750000000000000000e+00,-5.312500000000000000e+00,3.183750000000000000e+02,-6.250000000000000000e-02,-6.250000000000000000e-02,-1.600000000000000000e+01,-6.250000000000000000e-02,-6.250000000000000000e-02,-9.125000000000000000e+00,-3.375000000000000000e+00,-5.687500000000000000e+00,0.000000000000000000e+00
2.631875000000000000e+02,-6.250000000000000000e-02,-6.250000000000000000e-02,-1.275000000000000000e+01,-6.250000000000000000e-02,-6.250000000000000000e-02,-8.125000000000000000e+00,-2.187500000000000000e+00,-5.312500000000000000e+00,3.181250000000000000e+02,-6.250000000000000000e-02,-6.250000000000000000e-02,-1.431250000000000000e+01,-6.250000000000000000e-02,-6.250000000000000000e-02,-7.250000000000000000e+00,-6.250000000000000000e-02,-6.250000000000000000e-02,0.000000000000000000e+00
2.630625000000000000e+02,-6.250000000000000000e-02,-6.250000000000000000e-02,-8.875000000000000000e+00,-8.250000000000000000e+00,-6.437500000000000000e+00,-8.000000000000000000e+00,-6.250000000000000000e-02,-6.250000000000000000e-02,3.179375000000000000e+02,-6.250000000000000000e-02,-6.250000000000000000e-02,-9.625000000000000000e+00,-8.312500000000000000e+00,-2.562500000000000000e+00,-6.375000000000000000e+00,-6.250000000000000000e-02,-6.250000000000000000e-02,0.000000000000000000e+00
2.630625000000000000e+02,-6.250000000000000000e-02,-6.250000000000000000e-02,-8.875000000000000000e+00,-8.250000000000000000e+00,-6.437500000000000000e+00,-7.250000000000000000e+00,-6.250000000000000000e-02,-6.250000000000000000e-02,3.179375000000000000e+02,-6.250000000000000000e-02,-6.250000000000000000e-02,-2.000000000000000000e+00,-6.375000000000000000e+00,-6.250000000000000000e-02,-6.312500000000000000e+00,-6.250000000000000000e-02,-6.250000000000000000e-02,0.000000000000000000e+00
2.630625000000000000e+02,-6.250000000000000000e-02,-6.250000000000000000e-02,-2.687500000000000000e+00,-7.937500000000000000e+00,-6.250000000000000000e-02,-7.062500000000000000e+00,-6.250000000000000000e-02,-6.250000000000000000e-02,3.180625000000000000e+02,-6.250000000000000000e-02,-6.250000000000000000e-02,4.062500000000000000e+00,-6.250000000000000000e-02,-6.250000000000000000e-02,-6.437500000000000000e+00,-6.250000000000000000e-02,-6.250000000000000000e-02,0.000000000000000000e+00
2.631250000000000000e+02,-6.250000000000000000e-02,-6.250000000000000000e-02,2.000000000000000000e+00,-6.250000000000000000e-02,-6.250000000000000000e-02,-7.062500000000000000e+00,-6.250000000000000000e-02,-6.250000000000000000e-02,3.182500000000000000e+02,-6.250000000000000000e-02,-6.250000000000000000e-02,6.875000000000000000e+00,-6.250000000000000000e-02,-6.250000000000000000e-02,-6.375000000000000000e+00,-6.250000000000000000e-02,-6.250000000000000000e-02,0.000000000000000000e+00
2.631875000000000000e+02,-6.250000000000000000e-02,-6.250000000000000000e-02,4.250000000000000000e+00,-6.250000000000000000e-02,-6.250000000000000000e-02,-7.312500000000000000e+00,-6.250000000000000000e-02,-6.250000000000000000e-02,3.182500000000000000e+02,-6.250000000000000000e-02,-6.250000000000000000e-02,6.875000000000000000e+00,-6.250000000000000000e-02,-6.250000000000000000e-02,-5.875000000000000000e+00,-6.250000000000000000e-02,-6.250000000000000000e-02,0.000000000000000000e+00
2.633125000000000000e+02,-6.250000000000000000e-02,-6.250000000000000000e-02,5.000000000000000000e+00,-6.250000000000000000e-02,-6.250000000000000000e-02,-6.750000000000000000e+00,-6.250000000000000000e-02,-6.250000000000000000e-02,3.184375000000000000e+02,-6.250000000000000000e-02,-6.250000000000000000e-02,4.312500000000000000e+00,-6.250000000000000000e-02,-6.250000000000000000e-02,-5.875000000000000000e+00,-6.250000000000000000e-02,-6.250000000000000000e-02,0.000000000000000000e+00
2.633750000000000000e+02,-6.250000000000000000e-02,-6.250000000000000000e-02,-5.000000000000000000e-01,-2.500000000000000000e+00,-4.875000000000000000e+00,-6.187500000000000000e+00,-6.250000000000000000e-02,-6.250000000000000000e-02,3.184375000000000000e+02,-6.250000000000000000e-02,-6.250000000000000000e-02,-3.750000000000000000e+00,-6.000000000000000000e+00,-6.250000000000000000e-02,-6.000000000000000000e+00,-6.250000000000000000e-02,-6.250000000000000000e-02,0.000000000000000000e+00
2.633750000000000000e+02,-6.250000000000000000e-02,-6.250000000000000000e-02,-5.000000000000000000e-01,-2.500000000000000000e+00,-4.875000000000000000e+00,-5.937500000000000000e+00,-6.250000000000000000e-02,-6.250000000000000000e-02,3.182500000000000000e+02,-6.250000000000000000e-02,-6.250000000000000000e-02,-1.100000000000000000e+01,-6.562500000000000000e+00,-6.250000000000000000e-02,-5.375000000000000000e+00,-6.250000000000000000e-02,-6.250000000000000000e-02,0.000000000000000000e+00
2.632500000000000000e+02,-6.250000000000000000e-02,-6.250000000000000000e-02,-7.125000000000000000e+00,-6.250000000000000000e-02,-6.250000000000000000e-02,-5.937500000000000000e+00,-6.250000000000000000e-02,-6.250000000000000000e-02,3.180625000000000000e+02,-6.250000000000000000e-02,-6.250000000000000000e-02,-1.281250000000000000e+01,-6.250000000000000000e-02,-6.250000000000000000e-02,-4.062500000000000000e+00,-6.250000000000000000e-02,-6.250000000000000000e-02,0.000000000000000000e+00
2.631250000000000000e+02,-6.250000000000000000e-02,-6.250000000000000000e-02,-1.018750000000000000e+01,-4.750000000000000000e+00,-6.250000000000000000e-02,-5.312500000000000000e+00,-6.250000000000000000e-02,-6.250000000000000000e-02,3.180625000000000000e+02,-6.250000000000000000e-02,-6.250000000000000000e-02,-1.281250000000000000e+01,-6.250000000000000000e-02,-6.250000000000000000e-02,-2.437500000000000000e+00,1.125000000000000000e+00,-6.250000000000000000e-02,0.000000000000000000e+00
2.629375000000000000e+02,-6.250000000000000000e-02,-6.250000000000000000e-02,-9.437500000000000000e+00,-6.875000000000000000e+00,-6.250000000000000000e-02,-3.187500000000000000e+00,-9.375000000000000000e-01,-2.500000000000000000e+00,3.178125000000000000e+02,-6.250000000000000000e-02,-6.250000000000000000e-02,-1.337500000000000000e+01,-6.250000000000000000e-02,-6.250000000000000000e-02,-2.437500000000000000e+00,1.125000000000000000e+00,-6.250000000000000000e-02,0.000000000000000000e+00
2.628125000000000000e+02,-6.250000000000000000e-02,-6.250000000000000000e-02,-9.437500000000000000e+00,-6.875000000000000000e+00,-6.250000000000000000e-02,-2.375000000000000000e+00,-2.500000000000000000e+00,-2.687500000000000000e+00,3.176875000000000000e+02,-6.250000000000000000e-02,-6.250000000000000000e-02,-9.625000000000000000e+00,-4.187500000000000000e+00,-6.250000000000000000e-02,-1.437500000000000000e+00,0.000000000000000000e+00,-6.250000000000000000e-02,0.000000000000000000e+00
2.628125000000000000e+02,-6.250000000000000000e-02,-6.250000000000000000e-02,-9.437500000000000000e+00,-6.875000000000000000e+00,-6.250000000000000000e-02,-2.687500000000000000e+00,-2.937500000000000000e+00,-4.500000000000000000e+00,3.176250000000000000e+02,-6.250000000000000000e-02,-6.250000000000000000e-02,-3.625000000000000000e+00,-3.250000000000000000e+00,-2.437500000000000000e+00,-2.062500000000000000e+00,-8.125000000000000000e-01,-5.812500000000000000e+00,0.000000000000000000e+00
2.626875000000000000e+02,-6.250000000000000000e-02,-6.250000000000000000e-02,-5.625000000000000000e+00,-6.250000000000000000e-02,-6.250000000000000000e-02,-2.687500000000000000e+00,-2.937500000000000000e+00,-4.500000000000000000e+00,3.176875000000000000e+02,-6.250000000000000000e-02,-6.250000000000000000e-02,1.125000000000000000e+00,-6.250000000000000000e-02,-6.250000000000000000e-02,-2.562500000000000000e+00,-1.312500000000000000e+00,-5.250000000000000000e+00,0.000000000000000000e+00
2.627500000000000000e+02,-6.250000000000000000e-02,-6.250000000000000000e-02,2.500000000000000000e+00,-6.250000000000000000e-02,-6.250000000000000000e-02,-3.437500000000000000e+00,-1.062500000000000000e+00,-4.750000000000000000e+00,3.177500000000000000e+02,-6.250000000000000000e-02,-6.250000000000000000e-02,3.687500000000000000e+00,-6.250000000000000000e-02,-6.250000000000000000e-02,-2.375000000000000000e+00,3.125000000000000000e-01,-6.250000000000000000e-02,0.000000000000000000e+00
2.628125000000000000e+02,-6.250000000000000000e-02,-6.250000000000000000e-02,2.500000000000000000e+00,-6.250000000000000000e-02,-6.250000000000000000e-02,-3.875000000000000000e+00,8.125000000000000000e-01,-6.250000000000000000e-02,3.177500000000000000e+02,-6.250000000000000000e-02,-6.250000000000000000e-02,3.687500000000000000e+00,-6.250000000000000000e-02,-6.250000000000000000e-02,-2.375000000000000000e+00,3.125000000000000000e-01,-6.250000000000000000e-02,0.000000000000000000e+00
2.628125000000000000e+02,-6.250000000000000000e-02,-6.250000000000000000e-02,-1.750000000000000000e+00,-2.750000000000000000e+00,-2.625000000000000000e+00,-3.812500000000000000e+00,2.375000000000000000e+00,-6.250000000000000000e-02,3.178125000000000000e+02,-6.250000000000000000e-02,-6.250000000000000000e-02,5.625000000000000000e-01,-6.250000000000000000e-02,-6.250000000000000000e-02,-2.187500000000000000e+00,1.125000000000000000e+00,-6.250000000000000000e-02,0.000000000000000000e+00
2.628125000000000000e+02,-6.250000000000000000e-02,-6.250000000000000000e-02,-1.750000000000000000e+00,-2.750000000000000000e+00,-2.625000000000000000e+00,-3.812500000000000000e+00,3.062500000000000000e+00,-6.250000000000000000e-02,3.176875000000000000e+02,-6.250000000000000000e-02,-6.250000000000000000e-02,-3.750000000000000000e+00,-3.500000000000000000e+00,-1.125000000000000000e+00,-2.437500000000000000e+00,1.500000000000000000e+00,-6.250000000000000000e-02,0.000000000000000000e+00
2.628125000000000000e+02,-6.250000000000000000e-02,-6.250000000000000000e-02,-6.000000000000000000e+00,-6.250000000000000000e-02,-6.250000000000000000e-02,-2.500000000000000000e+00,2.500000000000000000e+00,-6.250000000000000000e-02,3.175625000000000000e+02,-6.250000000000000000e-02,-6.250000000000000000e-02,-6.875000000000000000e+00,-6.250000000000000000e-02,-6.250000000000000000e-02,-2.500000000000000000e+00,1.875000000000000000e+00,-6.250000000000000000e-02,0.000000000000000000e+00
2.626875000000000000e+02,-6.250000000000000000e-02,-6.250000000000000000e-02,-6.000000000000000000e+00,-6.250000000000000000e-02,-6.250000000000000000e-02,-2.500000000000000000e+00,2.500000000000000000e+00,-6.250000000000000000e-02,3.174375000000000000e+02,-6.250000000000000000e-02,-6.250000000000000000e-02,-6.500000000000000000e+00,-6.250000000000000000e-02,-6.250000000000000000e-02,-1.375000000000000000e+00,1.500000000000000000e+00,-6.250000000000000000e-02,0.000000000000000000e+00
2.625625000000000000e+02,-6.250000000000000000e-02,-6.250000000000000000e-02,-4.875000000000000000e+00,-6.250000000000000000e-02,-6.250000000000000000e-02,-2.312500000000000000e+00,1.437500000000000000e+00,-6.250000000000000000e-02,3.173125000000000000e+02,-6.250000000000000000e-02,-6.250000000000000000e-02,-4.812500000000000000e+00,-6.250000000000000000e-02,-6.250000000000000000e-02,-9.375000000000000000e-01,1.062500000000000000e+00,-6.250000000000000000e-02,0.000000000000000000e+00
2.625000000000000000e+02,-6.250000000000000000e-02,-6.250000000000000000e-02,-3.062500000000000000e+00,-3.625000000000000000e+00,-2.500000000000000000e-01,-2.062500000000000000e+00,0.000000000000000000e+00,-6.250000000000000000e-02,3.173125000000000000e+02,-6.250000000000000000e-02,-6.250000000000000000e-02,-4.812500000000000000e+00,-6.250000000000000000e-02,-6.250000000000000000e-02,-6.875000000000000000e-01,3.750000000000000000e-01,-6.250000000000000000e-02,0.000000000000000000e+00
2.625000000000000000e+02,-6.250000000000000000e-02,-6.250000000000000000e-02,-4.375000000000000000e-01,-2.562500000000000000e+00,8.750000000000000000e-01,-1.750000000000000000e+00,-1.062500000000000000e+00,1.875000000000000000e-01,3.172500000000000000e+02,-6.250000000000000000e-02,-6.250000000000000000e-02,-2.000000000000000000e+00,-2.187500000000000000e+00,1.750000000000000000e+00,-6.875000000000000000e-01,3.750000000000000000e-01,-6.250000000000000000e-02,0.000000000000000000e+00
2.625000000000000000e+02,-6.250000000000000000e-02,-6.250000000000000000e-02,1.687500000000000000e+00,-6.250000000000000000e-02,-6.250000000000000000e-02,-1.250000000000000000e+00,-8.125000000000000000e-01,-4.375000000000000000e-01,3.172500000000000000e+02,-6.250000000000000000e-02,-6.250000000000000000e-02,1.875000000000000000e-01,-6.250000000000000000e-02,-6.250000000000000000e-02,-3.125000000000000000e-01,-3.750000000000000000e-01,-8.750000000000000000e-01,0.000000000000000000e+00
2.625000000000000000e+02,-6.250000000000000000e-02,-6.250000000000000000e-02,2.750000000000000000e+00,-6.250000000000000000e-02,-6.250000000000000000e-02,-1.062500000000000000e+00,-2.500000000000000000e-01,-1.437500000000000000e+00,3.173125000000000000e+02,-6.250000000000000000e-02,-6.250000000000000000e-02,2.000000000000000000e+00,-6.250000000000000000e-02,-6.250000000000000000e-02,6.250000000000000000e-02,-6.250000000000000000e-02,-6.250000000000000000e-02,0.000000000000000000e+00
2.625625000000000000e+02,-6.250000000000000000e-02,-6.250000000000000000e-02,3.437500000000000000e+00,-6.250000000000000000e-02,-6.250000000000000000e-02,-1.687500000000000000e+00,1.250000000000000000e+00,-6.250000000000000000e-02,3.173750000000000000e+02,-6.250000000000000000e-02,-6.250000000000000000e-02,3.687500000000000000e+00,-6.250000000000000000e-02,-6.250000000000000000e-02,-3.125000000000000000e-01,-2.500000000000000000e-01,-2.750000000000000000e+00,0.000000000000000000e+00
2.626250000000000000e+02,-6.250000000000000000e-02,-6.250000000000000000e-02,3.437500000000000000e+00,-6.250000000000000000e-02,-6.250000000000000000e-02,-1.687500000000000000e+00,1.250000000000000000e+00,-6.250000000000000000e-02,3.174375000000000000e+02,-6.250000000000000000e-02,-6.250000000000000000e-02,3.875000000000000000e+00,-6.250000000000000000e-02,-6.250000000000000000e-02,-6.875000000000000000e-01,-6.250000000000000000e-02,-2.312500000000000000e+00,0.000000000000000000e+00
2.626875000000000000e+02,-6.250000000000000000e-02,-6.250000000000000000e-02,3.187500000000000000e+00,6.875000000000000000e-01,-6.250000000000000000e-02,-1.500000000000000000e+00,3.062500000000000000e+00,-6.250000000000000000e-02,3.174375000000000000e+02,-6.250000000000000000e-02,-6.250000000000000000e-02,3.875000000000000000e+00,-6.250000000000000000e-02,-6.250000000000000000e-02,-1.062500000000000000e+00,1.875000000000000000e-01,-6.250000000000000000e-02,0.000000000000000000e+00
2.627500000000000000e+02,-6.250000000000000000e-02,-6.250000000000000000e-02,-6.250000000000000000e-02,7.500000000000000000e-01,-6.250000000000000000e-02,-1.437500000000000000e+00,3.187500000000000000e+00,-6.250000000000000000e-02,3.175000000000000000e+02,-6.250000000000000000e-02,-6.250000000000000000e-02,-3.750000000000000000e+00,-1.437500000000000000e+00,-6.250000000000000000e-02,-8.750000000000000000e-01,0.000000000000000000e+00,-6.250000000000000000e-02,0.000000000000000000e+00
2.626875000000000000e+02,-6.250000000000000000e-02,-6.250000000000000000e-02,-3.312500000000000000e+00,6.875000000000000000e-01,-6.250000000000000000e-02,-1.375000000000000000e+00,2.000000000000000000e+00,-6.250000000000000000e-02,3.174375000000000000e+02,-6.250000000000000000e-02,-6.250000000000000000e-02,-3.750000000000000000e+00,-1.437500000000000000e+00,-6.250000000000000000e-02,0.000000000000000000e+00,-6.250000000000000000e-02,-6.250000000000000000e-02,0.000000000000000000e+00
2.625625000000000000e+02,-6.250000000000000000e-02,-6.250000000000000000e-02,-3.750000000000000000e+00,-4.375000000000000000e-01,-5.625000000000000000e-01,-6.250000000000000000e-01,-8.750000000000000000e-01,-5.000000000000000000e-01,3.172500000000000000e+02,-6.250000000000000000e-02,-6.250000000000000000e-02,-7.125000000000000000e+00,-6.250000000000000000e-02,-6.250000000000000000e-02,0.000000000000000000e+00,-6.250000000000000000e-02,-6.250000000000000000e-02,0.000000000000000000e+00
2.625625000000000000e+02,-6.250000000000000000e-02,-6.250000000000000000e-02,-3.750000000000000000e+00,-4.375000000000000000e-01,-5.625000000000000000e-01,-6.875000000000000000e-01,-1.875000000000000000e+00,-2.500000000000000000e-01,3.171250000000000000e+02,-6.250000000000000000e-02,-6.250000000000000000e-02,-6.062500000000000000e+00,-6.250000000000000000e-02,-6.250000000000000000e-02,1.062500000000000000e+00,-6.250000000000000000e-02,-6.250000000000000000e-02,6.850000000000000533e-01
2.625000000000000000e+02,-6.250000000000000000e-02,-6.250000000000000000e-02,-3.000000000000000000e+00,-8.125000000000000000e-01,2.500000000000000000e-01,-6.875000000000000000e-01,-1.875000000000000000e+00,-2.500000000000000000e-01,3.170000000000000000e+02,-6.250000000000000000e-02,-6.250000000000000000e-02,-4.000000000000000000e+00,6.875000000000000000e-01,2.750000000000000000e+00,1.062500000000000000e+00,-6.250000000000000000e-02,-6.250000000000000000e-02,1.000000000000000000e+00
2.624375000000000000e+02,-6.250000000000000000e-02,-6.250000000000000000e-02,-2.187500000000000000e+00,-3.750000000000000000e-01,1.312500000000000000e+00,-4.375000000000000000e-01,-2.312500000000000000e+00,5.000000000000000000e-01,3.170000000000000000e+02,-6.250000000000000000e-02,-6.250000000000000000e-02,-1.625000000000000000e+00,8.125000000000000000e-01,2.062500000000000000e+00,1.062500000000000000e+00,-6.250000000000000000e-02,-6.250000000000000000e-02,1.000000000000000000e+00
2.624375000000000000e+02,-6.250000000000000000e-02,-6.250000000000000000e-02,-1.250000000000000000e+00,-6.250000000000000000e-01,1.937500000000000000e+00,-2.500000000000000000e-01,-2.750000000000000000e+00,9.375000000000000000e-01,3.169375000000000000e+02,-6.250000000000000000e-02,-6.250000000000000000e-02,-1.625000000000000000e+00,8.125000000000000000e-01,2.062500000000000000e+00,1.062500000000000000e+00,-6.250000000000000000e-02,-6.250000000000000000e-02,2.859999999999999765e-01
2.623750000000000000e+02,-6.250000000000000000e-02,-6.250000000000000000e-02,6.250000000000000000e-01,-6.250000000000000000e-02,-6.250000000000000000e-02,-5.625000000000000000e-01,-1.875000000000000000e+00,-1.875000000000000000e-01,3.170000000000000000e+02,-6.250000000000000000e-02,-6.250000000000000000e-02,8.125000000000000000e-01,1.000000000000000000e+00,6.875000000000000000e-01,5.625000000000000000e-01,-6.250000000000000000e-02,-6.250000000000000000e-02,3.220000000000000084e-01
2.623750000000000000e+02,-6.250000000000000000e-02,-6.250000000000000000e-02,7.500000000000000000e-01,1.000000000000000000e+00,1.750000000000000000e+00,-3.125000000000000000e-01,-1.000000000000000000e+00,-3.750000000000000000e-01,3.170000000000000000e+02,-6.250000000000000000e-02,-6.250000000000000000e-02,2.312500000000000000e+00,1.312500000000000000e+00,-6.250000000000000000e-02,3.750000000000000000e-01,-6.250000000000000000e-02,-6.250000000000000000e-02,1.000000000000000000e+00
2.623750000000000000e+02,-6.250000000000000000e-02,-6.250000000000000000e-02,7.500000000000000000e-01,1.000000000000000000e+00,1.750000000000000000e+00,-3.125000000000000000e-01,-4.375000000000000000e-01,-1.562500000000000000e+00,3.170625000000000000e+02,-6.250000000000000000e-02,-6.250000000000000000e-02,1.375000000000000000e+00,8.125000000000000000e-01,-6.250000000000000000e-02,6.250000000000000000e-02,-6.250000000000000000e-02,-6.250000000000000000e-02,1.000000000000000000e+00
2.623750000000000000e+02,-6.250000000000000000e-02,-6.250000000000000000e-02,-1.250000000000000000e+00,1.562500000000000000e+00,8.750000000000000000e-01,-1.562500000000000000e+00,7.500000000000000000e-01,-6.250000000000000000e-02,3.170625000000000000e+02,-6.250000000000000000e-02,-6.250000000000000000e-02,-1.500000000000000000e+00,9.375000000000000000e-01,-6.250000000000000000e-02,3.125000000000000000e-01,-6.250000000000000000e-02,-6.250000000000000000e-02,1.000000000000000000e+00
2.622500000000000000e+02,-6.250000000000000000e-02,-6.250000000000000000e-02,-3.812500000000000000e+00,8.750000000000000000e-01,-6.250000000000000000e-02,-1.937500000000000000e+00,7.500000000000000000e-01,-6.250000000000000000e-02,3.170000000000000000e+02,-6.250000000000000000e-02,-6.250000000000000000e-02,-3.750000000000000000e+00,6.250000000000000000e-02,-6.250000000000000000e-02,-2.500000000000000000e+00,-9.375000000000000000e-01,-3.250000000000000000e+00,1.000000000000000000e+00
2.621250000000000000e+02,-6.250000000000000000e-02,-6.250000000000000000e-02,-5.062500000000000000e+00,-6.250000000000000000e-02,-6.250000000000000000e-02,-2.500000000000000000e+00,-1.250000000000000000e-01,-3.750000000000000000e+00,3.168750000000000000e+02,-6.250000000000000000e-02,-6.250000000000000000e-02,-5.375000000000000000e+00,-6.250000000000000000e-02,-6.250000000000000000e-02,-2.875000000000000000e+00,-1.437500000000000000e+00,-2.250000000000000000e+00,1.000000000000000000e+00
2.621250000000000000e+02,-6.250000000000000000e-02,-6.250000000000000000e-02,-6.312500000000000000e+00,-6.250000000000000000e-02,-6.250000000000000000e-02,-2.812500000000000000e+00,-9.375000000000000000e-01,-2.375000000000000000e+00,3.167500000000000000e+02,-6.250000000000000000e-02,-6.250000000000000000e-02,-7.437500000000000000e+00,-6.250000000000000000e-02,-6.250000000000000000e-02,-2.437500000000000000e+00,-1.625000000000000000e+00,-1.875000000000000000e+00,1.000000000000000000e+00
2.620625000000000000e+02,-6.250000000000000000e-02,-6.250000000000000000e-02,-6.312500000000000000e+00,-6.250000000000000000e-02,-6.250000000000000000e-02,-3.500000000000000000e+00,-9.375000000000000000e-01,-1.937500000000000000e+00,3.165625000000000000e+02,-6.250000000000000000e-02,-6.250000000000000000e-02,-8.625000000000000000e+00,-2.562500000000000000e+00,1.062500000000000000e+00,-1.875000000000000000e+00,-1.562500000000000000e+00,-1.500000000000000000e+00,1.000000000000000000e+00
2.618750000000000000e+02,-6.250000000000000000e-02,-6.250000000000000000e-02,-7.750000000000000000e+00,-6.250000000000000000e-02,-6.250000000000000000e-02,-3.500000000000000000e+00,-9.375000000000000000e-01,-1.937500000000000000e+00,3.163750000000000000e+02,-6.250000000000000000e-02,-6.250000000000000000e-02,-9.375000000000000000e+00,-3.437500000000000000e+00,5.625000000000000000e-01,-1.000000000000000000e+00,-1.500000000000000000e+00,-2.687500000000000000e+00,1.000000000000000000e+00
2.616875000000000000e+02,-6.250000000000000000e-02,-6.250000000000000000e-02,-8.250000000000000000e+00,-4.687500000000000000e+00,-6.250000000000000000e-02,-3.812500000000000000e+00,-1.187500000000000000e+00,-2.250000000000000000e+00,3.163750000000000000e+02,-6.250000000000000000e-02,-6.250000000000000000e-02,-9.375000000000000000e+00,-3.437500000000000000e+00,5.625000000000000000e-01,-1.312500000000000000e+00,-1.687500000000000000e+00,-2.875000000000000000e+00,1.000000000000000000e+00
2.615625000000000000e+02,-6.250000000000000000e-02,-6.250000000000000000e-02,-7.812500000000000000e+00,-6.250000000000000000e-02,-6.250000000000000000e-02,-3.437500000000000000e+00,-1.500000000000000000e+00,-2.250000000000000000e+00,3.161875000000000000e+02,-6.250000000000000000e-02,-6.250000000000000000e-02,-8.562500000000000000e+00,-4.812500000000000000e+00,-6.250000000000000000e-02,-1.187500000000000000e+00,-1.437500000000000000e+00,-2.437500000000000000e+00,1.000000000000000000e+00
2.613750000000000000e+02,-6.250000000000000000e-02,-6.250000000000000000e-02,-6.562500000000000000e+00,-6.250000000000000000e-02,-6.250000000000000000e-02,-2.875000000000000000e+00,-9.375000000000000000e-01,-1.812500000000000000e+00,3.160625000000000000e+02,-6.250000000000000000e-02,-6.250000000000000000e-02,-8.562500000000000000e+00,-4.812500000000000000e+00,-6.250000000000000000e-02,-1.187500000000000000e+00,-1.437500000000000000e+00,-2.437500000000000000e+00,1.000000000000000000e+00
2.613125000000000000e+02,-6.250000000000000000e-02,-6.250000000000000000e-02,2.042375000000000000e+03,-6.250000000000000000e-02,-6.250000000000000000e-02,-2.250000000000000000e+00,-5.625000000000000000e-01,-1.875000000000000000e+00,3.159375000000000000e+02,-6.250000000000000000e-02,-6.250000000000000000e-02,-8.250000000000000000e+00,-3.750000000000000000e+00,-3.062500000000000000e+00,-1.062500000000000000e+00,-4.375000000000000000e-01,-2.625000000000000000e+00,1.000000000000000000e+00
2.613125000000000000e+02,-6.250000000000000000e-02,-6.250000000000000000e-02,-5.625000000000000000e+00,-6.250000000000000000e-02,-6.250000000000000000e-02,-2.250000000000000000e+00,-5.625000000000000000e-01,-1.875000000000000000e+00,3.158750000000000000e+02,-6.250000000000000000e-02,-6.250000000000000000e-02,-7.500000000000000000e+00,-6.250000000000000000e-02,-6.250000000000000000e-02,-9.375000000000000000e-01,-3.125000000000000000e-01,-1.937500000000000000e+00,1.000000000000000000e+00
2.611875000000000000e+02,-6.250000000000000000e-02,-6.250000000000000000e-02,-4.937500000000000000e+00,-6.250000000000000000e-02,-6.250000000000000000e-02,-1.875000000000000000e+00,3.125000000000000000e-01,-6.250000000000000000e-02,3.157500000000000000e+02,-6.250000000000000000e-02,-6.250000000000000000e-02,-7.125000000000000000e+00,-6.250000000000000000e-02,-6.250000000000000000e-02,-1.125000000000000000e+00,-2.500000000000000000e-01,-2.187500000000000000e+00,1.000000000000000000e+00
2.611250000000000000e+02,-6.250000000000000000e-02,-6.250000000000000000e-02,-4.875000000000000000e+00,-6.250000000000000000e-02,-6.250000000000000000e-02,-1.812500000000000000e+00,1.062500000000000000e+00,-6.250000000000000000e-02,3.157500000000000000e+02,-6.250000000000000000e-02,-6.250000000000000000e-02,-6.562500000000000000e+00,-6.250000000000000000e-02,-6.250000000000000000e-02,-8.750000000000000000e-01,-1.875000000000000000e-01,-1.875000000000000000e+00,1.000000000000000000e+00
2.610625000000000000e+02,-6.250000000000000000e-02,-6.250000000000000000e-02,-4.312500000000000000e+00,-6.250000000000000000e-02,-6.250000000000000000e-02,-1.562500000000000000e+00,1.187500000000000000e+00,-6.250000000000000000e-02,3.156875000000000000e+02,-6.250000000000000000e-02,-6.250000000000000000e-02,-6.562500000000000000e+00,-6.250000000000000000e-02,-6.250000000000000000e-02,-8.750000000000000000e-01,-1.875000000000000000e-01,-1.875000000000000000e+00,1.000000000000000000e+00
2.610625000000000000e+02,-6.250000000000000000e-02,-6.250000000000000000e-02,-5.375000000000000000e+00,-6.250000000000000000e-02,-6.250000000000000000e-02,-1.937500000000000000e+00,8.750000000000000000e-01,-6.250000000000000000e-02,3.155625000000000000e+02,-6.250000000000000000e-02,-6.250000000000000000e-02,-6.562500000000000000e+00,-6.250000000000000000e-02,-6.250000000000000000e-02,-1.250000000000000000e+00,-1.250000000000000000e+00,-2.250000000000000000e+00,1.000000000000000000e+00
2.609375000000000000e+02,-6.250000000000000000e-02,-6.250000000000000000e-02,-8.375000000000000000e+00,-1.250000000000000000e-01,-2.687500000000000000e+00,-1.812500000000000000e+00,3.125000000000000000e-01,-6.250000000000000000e-02,3.154375000000000000e+02,-6.250000000000000000e-02,-6.250000000000000000e-02,-8.562500000000000000e+00,-8.125000000000000000e-01,-1.812500000000000000e+00,-8.750000000000000000e-01,-1.500000000000000000e+00,-1.875000000000000000e+00,1.000000000000000000e+00
2.608125000000000000e+02,-6.250000000000000000e-02,-6.250000000000000000e-02,-8.375000000000000000e+00,-1.250000000000000000e-01,-2.687500000000000000e+00,-1.812500000000000000e+00,3.125000000000000000e-01,-6.250000000000000000e-02,3.152500000000000000e+02,-6.250000000000000000e-02,-6.250000000000000000e-02,-1.156250000000000000e+01,-5.625000000000000000e-01,-1.125000000000000000e+00,-4.375000000000000000e-01,-1.500000000000000000e+00,-1.500000000000000000e+00,1.000000000000000000e+00
2.606250000000000000e+02,-6.250000000000000000e-02,-6.250000000000000000e-02,-1.031250000000000000e+01,4.375000000000000000e-01,-6.250000000000000000e-02,-1.437500000000000000e+00,-1.062500000000000000e+00,-9.375000000000000000e-01,3.150000000000000000e+02,-6.250000000000000000e-02,-6.250000000000000000e-02,-1.356250000000000000e+01,-6.250000000000000000e-02,-6.250000000000000000e-02,6.250000000000000000e-02,-6.250000000000000000e-02,-6.250000000000000000e-02,1.000000000000000000e+00
2.604375000000000000e+02,-6.250000000000000000e-02,-6.250000000000000000e-02,-1.062500000000000000e+01,3.125000000000000000e-01,-6.250000000000000000e-02,-1.000000000000000000e+00,-1.812500000000000000e+00,-1.000000000000000000e+00,3.150000000000000000e+02,-6.250000000000000000e-02,-6.250000000000000000e-02,-1.356250000000000000e+01,-6.250000000000000000e-02,-6.250000000000000000e-02,6.250000000000000000e-02,-6.250000000000000000e-02,-6.250000000000000000e-02,1.000000000000000000e+00
2.602500000000000000e+02,-6.250000000000000000e-02,-6.250000000000000000e-02,-9.812500000000000000e+00,-1.250000000000000000e-01,-2.187500000000000000e+00,-3.750000000000000000e-01,-1.500000000000000000e+00,-4.375000000000000000e-01,3.147500000000000000e+02,-6.250000000000000000e-02,-6.250000000000000000e-02,-1.412500000000000000e+01,-6.250000000000000000e-02,-6.250000000000000000e-02,6.250000000000000000e-02,-6.250000000000000000e-02,-6.250000000000000000e-02,1.000000000000000000e+00
2.600625000000000000e+02,-6.250000000000000000e-02,-6.250000000000000000e-02,-9.500000000000000000e+00,-5.625000000000000000e-01,-1.875000000000000000e+00,0.000000000000000000e+00,-6.250000000000000000e-02,-6.250000000000000000e-02,3.145000000000000000e+02,-6.250000000000000000e-02,-6.250000000000000000e-02,-1.331250000000000000e+01,-6.250000000000000000e-02,-6.250000000000000000e-02,1.875000000000000000e-01,0.000000000000000000e+00,-6.250000000000000000e-02,1.000000000000000000e+00
2.600625000000000000e+02,-6.250000000000000000e-02,-6.250000000000000000e-02,-9.500000000000000000e+00,-5.625000000000000000e-01,-1.875000000000000000e+00,3.750000000000000000e-01,6.250000000000000000e-02,0.000000000000000000e+00,3.143125000000000000e+02,-6.250000000000000000e-02,-6.250000000000000000e-02,-1.200000000000000000e+01,6.875000000000000000e-01,-6.250000000000000000e-02,6.875000000000000000e-01,1.250000000000000000e-01,0.000000000000000000e+00,1.000000000000000000e+00
2.598750000000000000e+02,-6.250000000000000000e-02,-6.250000000000000000e-02,-8.937500000000000000e+00,-2.500000000000000000e-01,-1.812500000000000000e+00,1.875000000000000000e-01,3.750000000000000000e-01,-6.250000000000000000e-02,3.141250000000000000e+02,-6.250000000000000000e-02,-6.250000000000000000e-02,-1.043750000000000000e+01,9.375000000000000000e-01,-6.250000000000000000e-02,6.875000000000000000e-01,6.250000000000000000e-02,-6.250000000000000000e-02,1.000000000000000000e+00
2.597500000000000000e+02,-6.250000000000000000e-02,-6.250000000000000000e-02,-7.750000000000000000e+00,-6.250000000000000000e-02,-6.250000000000000000e-02,1.875000000000000000e-01,3.750000000000000000e-01,-6.250000000000000000e-02,3.140000000000000000e+02,-6.250000000000000000e-02,-6.250000000000000000e-02,-9.250000000000000000e+00,1.062500000000000000e+00,-6.250000000000000000e-02,8.750000000000000000e-01,2.500000000000000000e-01,-6.250000000000000000e-02,1.000000000000000000e+00
2.596250000000000000e+02,-6.250000000000000000e-02,-6.250000000000000000e-02,-6.687500000000000000e+00,-6.250000000000000000e-02,-6.250000000000000000e-02,-6.250000000000000000e-02,8.750000000000000000e-01,-6.250000000000000000e-02,3.140000000000000000e+02,-6.250000000000000000e-02,-6.250000000000000000e-02,-8.562500000000000000e+00,1.125000000000000000e+00,-6.250000000000000000e-02,1.062500000000000000e+00,1.250000000000000000e-01,-6.250000000000000000e-02,1.000000000000000000e+00
2.595000000000000000e+02,-6.250000000000000000e-02,-6.250000000000000000e-02,-6.562500000000000000e+00,-6.250000000000000000e-02,-6.250000000000000000e-02,-6.250000000000000000e-02,1.625000000000000000e+00,-6.250000000000000000e-02,3.138750000000000000e+02,-6.250000000000000000e-02,-6.250000000000000000e-02,-8.562500000000000000e+00,1.125000000000000000e+00,-6.250000000000000000e-02,9.375000000000000000e-01,1.250000000000000000e-01,-6.250000000000000000e-02,1.000000000000000000e+00
2.593750000000000000e+02,-6.250000000000000000e-02,-6.250000000000000000e-02,-6.812500000000000000e+00,-6.250000000000000000e-02,-6.250000000000000000e-02,-1.250000000000000000e-01,1.875000000000000000e+00,-6.250000000000000000e-02,3.137500000000000000e+02,-6.250000000000000000e-02,-6.250000000000000000e-02,-8.125000000000000000e+00,6.250000000000000000e-01,-6.250000000000000000e-02,9.375000000000000000e-01,1.250000000000000000e-01,-6.250000000000000000e-02,1.000000000000000000e+00
2.591875000000000000e+02,-6.250000000000000000e-02,-6.250000000000000000e-02,-8.437500000000000000e+00,-1.437500000000000000e+00,-2.625000000000000000e+00,-1.250000000000000000e-01,1.437500000000000000e+00,-6.250000000000000000e-02,3.136250000000000000e+02,-6.250000000000000000e-02,-6.250000000000000000e-02,-9.562500000000000000e+00,6.250000000000000000e-02,-6.250000000000000000e-02,7.500000000000000000e-01,-6.250000000000000000e-02,-6.250000000000000000e-02,1.000000000000000000e+00
2.591875000000000000e+02,-6.250000000000000000e-02,-6.250000000000000000e-02,-8.437500000000000000e+00,-1.437500000000000000e+00,-2.625000000000000000e+00,-1.250000000000000000e-01,1.437500000000000000e+00,-6.250000000000000000e-02,3.134375000000000000e+02,-6.250000000000000000e-02,-6.250000000000000000e-02,-1.087500000000000000e+01,6.250000000000000000e-02,-6.250000000000000000e-02,9.375000000000000000e-01,-6.250000000000000000e-02,-6.250000000000000000e-02,1.000000000000000000e+00
2.590625000000000000e+02,-6.250000000000000000e-02,-6.250000000000000000e-02,-8.812500000000000000e+00,-1.625000000000000000e+00,-3.000000000000000000e+00,-1.250000000000000000e-01,8.750000000000000000e-01,-6.250000000000000000e-02,3.131875000000000000e+02,-6.250000000000000000e-02,-6.250000000000000000e-02,-1.156250000000000000e+01,-6.250000000000000000e-02,-3.000000000000000000e+00,1.312500000000000000e+00,-6.250000000000000000e-02,-6.250000000000000000e-02,1.000000000000000000e+00
2.588750000000000000e+02,-6.250000000000000000e-02,-6.250000000000000000e-02,-8.750000000000000000e+00,-2.000000000000000000e+00,-2.937500000000000000e+00,3.125000000000000000e-01,0.000000000000000000e+00,-6.250000000000000000e-02,3.130000000000000000e+02,-6.250000000000000000e-02,-6.250000000000000000e-02,-1.112500000000000000e+01,-5.000000000000000000e-01,-2.750000000000000000e+00,1.500000000000000000e+00,-6.250000000000000000e-02,-6.250000000000000000e-02,1.000000000000000000e+00
2.587500000000000000e+02,-6.250000000000000000e-02,-6.250000000000000000e-02,-8.375000000000000000e+00,-2.562500000000000000e+00,-2.875000000000000000e+00,4.375000000000000000e-01,-6.250000000000000000e-02,-6.250000000000000000e-02,3.130000000000000000e+02,-6.250000000000000000e-02,-6.250000000000000000e-02,-1.112500000000000000e+01,-5.000000000000000000e-01,-2.750000000000000000e+00,1.562500000000000000e+00,-6.250000000000000000e-02,-6.250000000000000000e-02,1.000000000000000000e+00
2.587500000000000000e+02,-6.250000000000000000e-02,-6.250000000000000000e-02,-7.125000000000000000e+00,-6.250000000000000000e-02,-6.250000000000000000e-02,6.875000000000000000e-01,-6.250000000000000000e-02,-6.250000000000000000e-02,3.128750000000000000e+02,-6.250000000000000000e-02,-6.250000000000000000e-02,-1.000000000000000000e+01,-1.250000000000000000e+00,-3.250000000000000000e+00,1.562500000000000000e+00,-6.250000000000000000e-02,-6.250000000000000000e-02,1.000000000000000000e+00
2.586250000000000000e+02,-6.250000000000000000e-02,-6.250000000000000000e-02,-6.250000000000000000e+00,-6.250000000000000000e-02,-6.250000000000000000e-02,9.375000000000000000e-01,-6.250000000000000000e-02,-6.250000000000000000e-02,3.127500000000000000e+02,-6.250000000000000000e-02,-6.250000000000000000e-02,-8.562500000000000000e+00,-1.562500000000000000e+00,-3.625000000000000000e+00,1.812500000000000000e+00,0.000000000000000000e+00,5.625000000000000000e-01,1.000000000000000000e+00
2.585000000000000000e+02,-6.250000000000000000e-02,-6.250000000000000000e-02,-6.250000000000000000e+00,-6.250000000000000000e-02,-6.250000000000000000e-02,9.375000000000000000e-01,-6.250000000000000000e-02,-6.250000000000000000e-02,3.126250000000000000e+02,-6.250000000000000000e-02,-6.250000000000000000e-02,-7.625000000000000000e+00,-6.250000000000000000e-02,-6.250000000000000000e-02,2.250000000000000000e+00,1.875000000000000000e-01,8.125000000000000000e-01,1.000000000000000000e+00
2.583750000000000000e+02,-6.250000000000000000e-02,-6.250000000000000000e-02,-6.750000000000000000e+00,-6.250000000000000000e-02,-6.250000000000000000e-02,1.000000000000000000e+00,4.375000000000000000e-01,1.125000000000000000e+00,3.125000000000000000e+02,-6.250000000000000000e-02,-6.250000000000000000e-02,-7.937500000000000000e+00,-6.250000000000000000e-02,-6.250000000000000000e-02,2.375000000000000000e+00,1.875000000000000000e-01,1.250000000000000000e-01,1.000000000000000000e+00
2.582500000000000000e+02,-6.250000000000000000e-02,-6.250000000000000000e-02,-6.687500000000000000e+00,-6.250000000000000000e-02,-6.250000000000000000e-02,1.062500000000000000e+00,6.875000000000000000e-01,6.250000000000000000e-01,3.125000000000000000e+02,-6.250000000000000000e-02,-6.250000000000000000e-02,-7.937500000000000000e+00,-6.250000000000000000e-02,-6.250000000000000000e-02,2.187500000000000000e+00,6.250000000000000000e-02,5.625000000000000000e-01,1.000000000000000000e+00
2.582500000000000000e+02,-6.250000000000000000e-02,-6.250000000000000000e-02,-6.750000000000000000e+00,-6.250000000000000000e-02,-6.250000000000000000e-02,8.750000000000000000e-01,8.750000000000000000e-01,2.500000000000000000e-01,3.123750000000000000e+02,-6.250000000000000000e-02,-6.250000000000000000e-02,-8.437500000000000000e+00,-2.375000000000000000e+00,-3.687500000000000000e+00,2.187500000000000000e+00,6.250000000000000000e-02,5.625000000000000000e-01,1.000000000000000000e+00
2.581250000000000000e+02,-6.250000000000000000e-02,-6.250000000000000000e-02,-6.375000000000000000e+00,-6.250000000000000000e-02,-6.250000000000000000e-02,6.250000000000000000e-01,5.000000000000000000e-01,8.125000000000000000e-01,3.122500000000000000e+02,-6.250000000000000000e-02,-6.250000000000000000e-02,-8.500000000000000000e+00,-2.312500000000000000e+00,-3.625000000000000000e+00,1.500000000000000000e+00,-6.250000000000000000e-02,-6.250000000000000000e-02,1.000000000000000000e+00
2.580000000000000000e+02,-6.250000000000000000e-02,-6.250000000000000000e-02,-6.375000000000000000e+00,-6.250000000000000000e-02,-6.250000000000000000e-02,3.750000000000000000e-01,3.125000000000000000e-01,7.500000000000000000e-01,3.121250000000000000e+02,-6.250000000000000000e-02,-6.250000000000000000e-02,-8.125000000000000000e+00,-2.187500000000000000e+00,-3.562500000000000000e+00,9.375000000000000000e-01,6.250000000000000000e-02,1.062500000000000000e+00,1.000000000000000000e+00
2.578750000000000000e+02,-6.250000000000000000e-02,-6.250000000000000000e-02,-6.687500000000000000e+00,-6.250000000000000000e-02,-6.250000000000000000e-02,3.750000000000000000e-01,3.125000000000000000e-01,7.500000000000000000e-01,3.120000000000000000e+02,-6.250000000000000000e-02,-6.250000000000000000e-02,-8.312500000000000000e+00,-2.125000000000000000e+00,-3.125000000000000000e+00,1.125000000000000000e+00,2.500000000000000000e-01,8.125000000000000000e-01,1.000000000000000000e+00
2.577500000000000000e+02,-6.250000000000000000e-02,-6.250000000000000000e-02,-7.937500000000000000e+00,-6.250000000000000000e-02,-6.250000000000000000e-02,3.750000000000000000e-01,5.000000000000000000e-01,6.250000000000000000e-01,3.118125000000000000e+02,-6.250000000000000000e-02,-6.250000000000000000e-02,-8.937500000000000000e+00,-2.750000000000000000e+00,-2.437500000000000000e+00,1.250000000000000000e+00,9.375000000000000000e-01,6.875000000000000000e-01,1.000000000000000000e+00
2.575625000000000000e+02,-6.250000000000000000e-02,-6.250000000000000000e-02,-8.250000000000000000e+00,-4.625000000000000000e+00,-6.250000000000000000e-02,3.125000000000000000e-01,9.375000000000000000e-01,6.250000000000000000e-01,3.118125000000000000e+02,-6.250000000000000000e-02,-6.250000000000000000e-02,-8.937500000000000000e+00,-2.750000000000000000e+00,-2.437500000000000000e+00,1.625000000000000000e+00,1.187500000000000000e+00,6.875000000000000000e-01,1.000000000000000000e+00
2.575625000000000000e+02,-6.250000000000000000e-02,-6.250000000000000000e-02,-8.000000000000000000e+00,-6.250000000000000000e-02,-6.250000000000000000e-02,4.375000000000000000e-01,1.062500000000000000e+00,7.500000000000000000e-01,3.116875000000000000e+02,-6.250000000000000000e-02,-6.250000000000000000e-02,-8.250000000000000000e+00,-2.937500000000000000e+00,-2.062500000000000000e+00,1.875000000000000000e+00,3.750000000000000000e-01,-6.250000000000000000e-02,1.000000000000000000e+00
2.574375000000000000e+02,-6.250000000000000000e-02,-6.250000000000000000e-02,-8.000000000000000000e+00,-6.250000000000000000e-02,-6.250000000000000000e-02,5.000000000000000000e-01,7.500000000000000000e-01,4.375000000000000000e-01,3.115625000000000000e+02,-6.250000000000000000e-02,-6.250000000000000000e-02,-7.125000000000000000e+00,-6.250000000000000000e-02,-6.250000000000000000e-02,1.875000000000000000e+00,3.750000000000000000e-01,-6.250000000000000000e-02,1.000000000000000000e+00
2.572500000000000000e+02,-6.250000000000000000e-02,-6.250000000000000000e-02,-5.437500000000000000e+00,-6.250000000000000000e-02,-6.250000000000000000e-02,4.375000000000000000e-01,6.250000000000000000e-01,-6.250000000000000000e-02,3.115000000000000000e+02,-6.250000000000000000e-02,-6.250000000000000000e-02,-5.000000000000000000e+00,-6.250000000000000000e-02,-6.250000000000000000e-02,1.437500000000000000e+00,0.000000000000000000e+00,-6.250000000000000000e-02,1.000000000000000000e+00
2.571875000000000000e+02,-6.250000000000000000e-02,-6.250000000000000000e-02,-5.437500000000000000e+00,-6.250000000000000000e-02,-6.250000000000000000e-02,4.375000000000000000e-01,6.250000000000000000e-01,-6.250000000000000000e-02,3.114375000000000000e+02,-6.250000000000000000e-02,-6.250000000000000000e-02,-3.062500000000000000e+00,-3.312500000000000000e+00,-2.437500000000000000e+00,6.875000000000000000e-01,-6.250000000000000000e-02,-6.250000000000000000e-02,1.000000000000000000e+00
2.570625000000000000e+02,-6.250000000000000000e-02,-6.250000000000000000e-02,-3.750000000000000000e+00,-4.687500000000000000e+00,-6.250000000000000000e-02,3.125000000000000000e-01,8.125000000000000000e-01,1.875000000000000000e-01,3.114375000000000000e+02,-6.250000000000000000e-02,-6.250000000000000000e-02,-2.062500000000000000e+00,-2.187500000000000000e+00,-2.375000000000000000e+00,5.000000000000000000e-01,-6.250000000000000000e-02,-6.250000000000000000e-02,1.000000000000000000e+00
2.570625000000000000e+02,-6.250000000000000000e-02,-6.250000000000000000e-02,-2.437500000000000000e+00,-3.937500000000000000e+00,-1.000000000000000000e+00,3.125000000000000000e-01,1.062500000000000000e+00,1.250000000000000000e-01,3.114375000000000000e+02,-6.250000000000000000e-02,-6.250000000000000000e-02,-2.062500000000000000e+00,-2.187500000000000000e+00,-2.375000000000000000e+00,6.250000000000000000e-01,-6.250000000000000000e-02,-6.250000000000000000e-02,1.000000000000000000e+00
2.570000000000000000e+02,-6.250000000000000000e-02,-6.250000000000000000e-02,-2.062500000000000000e+00,-4.250000000000000000e+00,-6.250000000000000000e-02,3.125000000000000000e-01,1.562500000000000000e+00,-6.250000000000000000e-02,3.114375000000000000e+02,-6.250000000000000000e-02,-6.250000000000000000e-02,-1.687500000000000000e+00,-1.375000000000000000e+00,-2.500000000000000000e+00,3.750000000000000000e-01,-6.250000000000000000e-02,-6.250000000000000000e-02,1.000000000000000000e+00
2.569375000000000000e+02,-6.250000000000000000e-02,-6.250000000000000000e-02,-2.437500000000000000e+00,-4.375000000000000000e+00,-6.250000000000000000e-02,-3.125000000000000000e-01,1.687500000000000000e+00,-6.250000000000000000e-02,3.114375000000000000e+02,-6.250000000000000000e-02,-6.250000000000000000e-02,-2.250000000000000000e+00,-1.687500000000000000e+00,-2.312500000000000000e+00,3.750000000000000000e-01,-6.250000000000000000e-02,-6.250000000000000000e-02,1.000000000000000000e+00
2.569375000000000000e+02,-6.250000000000000000e-02,-6.250000000000000000e-02,-2.937500000000000000e+00,-4.250000000000000000e+00,-6.250000000000000000e-02,-1.187500000000000000e+00,1.187500000000000000e+00,-6.250000000000000000e-02,3.113750000000000000e+02,-6.250000000000000000e-02,-6.250000000000000000e-02,-2.937500000000000000e+00,-1.312500000000000000e+00,-2.062500000000000000e+00,6.250000000000000000e-02,8.125000000000000000e-01,-6.250000000000000000e-02,1.000000000000000000e+00
2.568750000000000000e+02,-6.250000000000000000e-02,-6.250000000000000000e-02,-2.187500000000000000e+00,-4.062500000000000000e+00,-6.250000000000000000e-02,-2.062500000000000000e+00,1.125000000000000000e+00,-6.250000000000000000e-02,3.113125000000000000e+02,-6.250000000000000000e-02,-6.250000000000000000e-02,-3.062500000000000000e+00,-1.125000000000000000e+00,-1.875000000000000000e+00,-3.750000000000000000e-01,9.375000000000000000e-01,-6.250000000000000000e-02,1.000000000000000000e+00
2.568125000000000000e+02,-6.250000000000000000e-02,-6.250000000000000000e-02,-2.187500000000000000e+00,-4.062500000000000000e+00,-6.250000000000000000e-02,-2.312500000000000000e+00,1.000000000000000000e+00,-6.250000000000000000e-02,3.113125000000000000e+02,-6.250000000000000000e-02,-6.250000000000000000e-02,-2.500000000000000000e+00,-5.000000000000000000e-01,-1.937500000000000000e+00,-5.625000000000000000e-01,4.375000000000000000e-01,-6.250000000000000000e-02,1.000000000000000000e+00
2.568125000000000000e+02,-6.250000000000000000e-02,-6.250000000000000000e-02,5.625000000000000000e-01,-6.250000000000000000e-02,-6.250000000000000000e-02,-2.312500000000000000e+00,1.000000000000000000e+00,-6.250000000000000000e-02,3.113125000000000000e+02,-6.250000000000000000e-02,-6.250000000000000000e-02,-6.875000000000000000e-01,2.500000000000000000e-01,-6.250000000000000000e-02,-2.125000000000000000e+00,8.750000000000000000e-01,-6.250000000000000000e-02,1.000000000000000000e+00
2.569375000000000000e+02,-6.250000000000000000e-02,-6.250000000000000000e-02,3.812500000000000000e+00,-6.250000000000000000e-02,-6.250000000000000000e-02,-3.000000000000000000e+00,1.750000000000000000e+00,-6.250000000000000000e-02,3.113750000000000000e+02,-6.250000000000000000e-02,-6.250000000000000000e-02,1.000000000000000000e+00,1.187500000000000000e+00,-6.250000000000000000e-02,-2.750000000000000000e+00,1.187500000000000000e+00,-6.250000000000000000e-02,1.000000000000000000e+00
2.570000000000000000e+02,-6.250000000000000000e-02,-6.250000000000000000e-02,4.687500000000000000e+00,-6.250000000000000000e-02,-6.250000000000000000e-02,-3.250000000000000000e+00,1.937500000000000000e+00,-6.250000000000000000e-02,3.114375000000000000e+02,-6.250000000000000000e-02,-6.250000000000000000e-02,2.625000000000000000e+00,1.875000000000000000e+00,-6.250000000000000000e-02,-3.312500000000000000e+00,5.625000000000000000e-01,-6.250000000000000000e-02,1.000000000000000000e+00
2.571250000000000000e+02,-6.250000000000000000e-02,-6.250000000000000000e-02,4.500000000000000000e+00,-6.250000000000000000e-02,-6.250000000000000000e-02,-3.687500000000000000e+00,1.312500000000000000e+00,-6.250000000000000000e-02,3.114375000000000000e+02,-6.250000000000000000e-02,-6.250000000000000000e-02,2.625000000000000000e+00,1.875000000000000000e+00,-6.250000000000000000e-02,-3.312500000000000000e+00,5.625000000000000000e-01,-6.250000000000000000e-02,1.000000000000000000e+00
2.571250000000000000e+02,-6.250000000000000000e-02,-6.250000000000000000e-02,4.500000000000000000e+00,-6.250000000000000000e-02,-6.250000000000000000e-02,-4.312500000000000000e+00,-6.250000000000000000e-02,-6.250000000000000000e-02,3.115000000000000000e+02,-6.250000000000000000e-02,-6.250000000000000000e-02,2.875000000000000000e+00,6.250000000000000000e-02,-6.250000000000000000e-02,-3.500000000000000000e+00,-6.250000000000000000e-02,-4.500000000000000000e+00,1.000000000000000000e+00
2.572500000000000000e+02,-6.250000000000000000e-02,-6.250000000000000000e-02,4.937500000000000000e+00,8.125000000000000000e-01,-6.250000000000000000e-02,-4.687500000000000000e+00,-6.250000000000000000e-02,-6.250000000000000000e-02,3.115625000000000000e+02,-6.250000000000000000e-02,-6.250000000000000000e-02,1.375000000000000000e+00,5.000000000000000000e-01,-6.250000000000000000e-02,-3.562500000000000000e+00,-9.375000000000000000e-01,-5.187500000000000000e+00,1.000000000000000000e+00
2.573750000000000000e+02,-6.250000000000000000e-02,-6.250000000000000000e-02,4.937500000000000000e+00,8.125000000000000000e-01,-6.250000000000000000e-02,-5.000000000000000000e+00,-6.250000000000000000e-02,-6.250000000000000000e-02,3.115625000000000000e+02,-6.250000000000000000e-02,-6.250000000000000000e-02,6.250000000000000000e-01,1.000000000000000000e+00,-6.250000000000000000e-02,-4.187500000000000000e+00,-6.250000000000000000e-02,-6.250000000000000000e-02,1.000000000000000000e+00
2.574375000000000000e+02,-6.250000000000000000e-02,-6.250000000000000000e-02,3.750000000000000000e+00,2.250000000000000000e+00,-6.250000000000000000e-02,-5.500000000000000000e+00,-6.250000000000000000e-02,-6.250000000000000000e-02,3.115625000000000000e+02,-6.250000000000000000e-02,-6.250000000000000000e-02,-6.250000000000000000e-02,1.312500000000000000e+00,3.750000000000000000e-01,-4.750000000000000000e+00,-6.250000000000000000e-02,-6.250000000000000000e-02,1.000000000000000000e+00
2.575625000000000000e+02,-6.250000000000000000e-02,-6.250000000000000000e-02,5.312500000000000000e+00,2.500000000000000000e+00,-6.250000000000000000e-02,-6.812500000000000000e+00,-6.250000000000000000e-02,-6.250000000000000000e-02,3.115625000000000000e+02,-6.250000000000000000e-02,-6.250000000000000000e-02,-6.250000000000000000e-02,1.812500000000000000e+00,7.500000000000000000e-01,-5.937500000000000000e+00,-6.250000000000000000e-02,-6.250000000000000000e-02,1.000000000000000000e+00
2.576250000000000000e+02,-6.250000000000000000e-02,-6.250000000000000000e-02,5.312500000000000000e+00,2.500000000000000000e+00,-6.250000000000000000e-02,-6.812500000000000000e+00,-6.250000000000000000e-02,-6.250000000000000000e-02,3.116250000000000000e+02,-6.250000000000000000e-02,-6.250000000000000000e-02,2.375000000000000000e+00,4.187500000000000000e+00,-8.062500000000000000e+00,-6.875000000000000000e+00,-6.250000000000000000e-02,-6.250000000000000000e-02,1.000000000000000000e+00
2.578125000000000000e+02,-6.250000000000000000e-02,-6.250000000000000000e-02,7.875000000000000000e+00,3.375000000000000000e+00,-6.250000000000000000e-02,-7.687500000000000000e+00,-6.250000000000000000e-02,-6.250000000000000000e-02,3.116875000000000000e+02,-6.250000000000000000e-02,-6.250000000000000000e-02,2.375000000000000000e+00,4.187500000000000000e+00,-6.250000000000000000e-02,-7.687500000000000000e+00,-6.250000000000000000e-02,-6.250000000000000000e-02,1.000000000000000000e+00
2.580000000000000000e+02,-6.250000000000000000e-02,-6.250000000000000000e-02,8.125000000000000000e+00,4.750000000000000000e+00,-6.250000000000000000e-02,-8.750000000000000000e+00,-1.062500000000000000e+00,-6.750000000000000000e+00,3.116875000000000000e+02,-6.250000000000000000e-02,-6.250000000000000000e-02,2.375000000000000000e+00,4.187500000000000000e+00,-6.250000000000000000e-02,-8.687500000000000000e+00,0.000000000000000000e+00,-9.625000000000000000e+00,1.000000000000000000e+00
2.580000000000000000e+02,-6.250000000000000000e-02,-6.250000000000000000e-02,6.250000000000000000e+00,7.062500000000000000e+00,-6.250000000000000000e-02,-1.075000000000000000e+01,-4.375000000000000000e-01,-8.187500000000000000e+00,3.117500000000000000e+02,-6.250000000000000000e-02,-6.250000000000000000e-02,3.375000000000000000e+00,5.500000000000000000e+00,-6.250000000000000000e-02,-8.687500000000000000e+00,0.000000000000000000e+00,-9.625000000000000000e+00,1.000000000000000000e+00
2.581250000000000000e+02,-6.250000000000000000e-02,-6.250000000000000000e-02,3.250000000000000000e+00,-6.250000000000000000e-02,-6.250000000000000000e-02,-1.200000000000000000e+01,-5.000000000000000000e-01,-8.875000000000000000e+00,3.117500000000000000e+02,-6.250000000000000000e-02,-6.250000000000000000e-02,1.437500000000000000e+00,7.250000000000000000e+00,-6.250000000000000000e-02,-1.068750000000000000e+01,-1.250000000000000000e-01,-1.056250000000000000e+01,1.000000000000000000e+00
2.581875000000000000e+02,-6.250000000000000000e-02,-6.250000000000000000e-02,3.250000000000000000e+00,-6.250000000000000000e-02,-6.250000000000000000e-02,-1.281250000000000000e+01,-6.250000000000000000e-02,-6.250000000000000000e-02,3.116875000000000000e+02,-6.250000000000000000e-02,-6.250000000000000000e-02,-1.937500000000000000e+00,9.312500000000000000e+00,-6.250000000000000000e-02,-1.175000000000000000e+01,0.000000000000000000e+00,-1.243750000000000000e+01,1.000000000000000000e+00
2.582500000000000000e+02,-6.250000000000000000e-02,-6.250000000000000000e-02,2.000000000000000000e+00,-6.250000000000000000e-02,-6.250000000000000000e-02,-1.281250000000000000e+01,-6.250000000000000000e-02,-6.250000000000000000e-02,3.116875000000000000e+02,-6.250000000000000000e-02,-6.250000000000000000e-02,1.875000000000000000e-01,-6.250000000000000000e-02,-6.250000000000000000e-02,-1.275000000000000000e+01,-6.250000000000000000e-02,-6.250000000000000000e-02,1.000000000000000000e+00
2.583125000000000000e+02,-6.250000000000000000e-02,-6.250000000000000000e-02,1.750000000000000000e+00,-6.250000000000000000e-02,-6.250000000000000000e-02,-1.375000000000000000e+01,-6.250000000000000000e-02,-6.250000000000000000e-02,3.116250000000000000e+02,-6.250000000000000000e-02,-6.250000000000000000e-02,1.875000000000000000e-01,-6.250000000000000000e-02,-6.250000000000000000e-02,-1.337500000000000000e+01,-6.250000000000000000e-02,-6.250000000000000000e-02,1.000000000000000000e+00
2.583125000000000000e+02,-6.250000000000000000e-02,-6.250000000000000000e-02,2.000000000000000000e+00,-6.250000000000000000e-02,-6.250000000000000000e-02,-1.468750000000000000e+01,-6.250000000000000000e-02,-6.250000000000000000e-02,3.116250000000000000e+02,-6.250000000000000000e-02,-6.250000000000000000e-02,1.875000000000000000e-01,-6.250000000000000000e-02,-6.250000000000000000e-02,-1.312500000000000000e+01,-6.250000000000000000e-02,-6.250000000000000000e-02,1.000000000000000000e+00
2.583125000000000000e+02,-6.250000000000000000e-02,-6.250000000000000000e-02,2.000000000000000000e+00,-6.250000000000000000e-02,-6.250000000000000000e-02,-1.500000000000000000e+01,-6.250000000000000000e-02,-6.250000000000000000e-02,3.116250000000000000e+02,-6.250000000000000000e-02,-6.250000000000000000e-02,1.937500000000000000e+00,-6.250000000000000000e-02,-6.250000000000000000e-02,-1.312500000000000000e+01,-6.250000000000000000e-02,-6.250000000000000000e-02,1.000000000000000000e+00
2.583750000000000000e+02,-6.250000000000000000e-02,-6.250000000000000000e-02,2.500000000000000000e+00,1.862500000000000000e+01,1.250000000000000000e+00,-1.500000000000000000e+01,-6.250000000000000000e-02,-6.250000000000000000e-02,3.116250000000000000e+02,-6.250000000000000000e-02,-6.250000000000000000e-02,1.687500000000000000e+00,1.643750000000000000e+01,2.562500000000000000e+00,-1.331250000000000000e+01,-6.250000000000000000e-02,-6.250000000000000000e-02,1.000000000000000000e+00
2.584375000000000000e+02,-6.250000000000000000e-02,-6.250000000000000000e-02,2.187500000000000000e+00,2.050000000000000000e+01,1.875000000000000000e+00,-1.531250000000000000e+01,-6.250000000000000000e-02,-6.250000000000000000e-02,3.116250000000000000e+02,-6.250000000000000000e-02,-6.250000000000000000e-02,1.625000000000000000e+00,1.718750000000000000e+01,2.625000000000000000e+00,-1.381250000000000000e+01,-6.250000000000000000e-02,-6.250000000000000000e-02,1.000000000000000000e+00
2.584375000000000000e+02,-6.250000000000000000e-02,-6.250000000000000000e-02,-2.500000000000000000e-01,2.187500000000000000e+01,2.625000000000000000e+00,-1.625000000000000000e+01,2.437500000000000000e+00,-1.431250000000000000e+01,3.116250000000000000e+02,-6.250000000000000000e-02,-6.250000000000000000e-02,1.625000000000000000e+00,1.718750000000000000e+01,2.625000000000000000e+00,-1.381250000000000000e+01,-6.250000000000000000e-02,-6.250000000000000000e-02,1.000000000000000000e+00
2.584375000000000000e+02,-6.250000000000000000e-02,-6.250000000000000000e-02,-2.500000000000000000e-01,2.187500000000000000e+01,2.625000000000000000e+00,-1.656250000000000000e+01,3.000000000000000000e+00,-1.337500000000000000e+01,3.115000000000000000e+02,-6.250000000000000000e-02,-6.250000000000000000e-02,-2.000000000000000000e+00,1.931250000000000000e+01,3.312500000000000000e+00,-1.468750000000000000e+01,-6.250000000000000000e-02,-6.250000000000000000e-02,1.000000000000000000e+00
2.583125000000000000e+02,-6.250000000000000000e-02,-6.250000000000000000e-02,-5.312500000000000000e+00,-6.250000000000000000e-02,-6.250000000000000000e-02,-1.656250000000000000e+01,3.000000000000000000e+00,-1.337500000000000000e+01,3.114375000000000000e+02,-6.250000000000000000e-02,-6.250000000000000000e-02,-2.000000000000000000e+00,1.931250000000000000e+01,3.312500000000000000e+00,-1.537500000000000000e+01,-6.250000000000000000e-02,-6.250000000000000000e-02,1.000000000000000000e+00
2.580625000000000000e+02,-6.250000000000000000e-02,-6.250000000000000000e-02,-8.562500000000000000e+00,2.656250000000000000e+01,4.375000000000000000e+00,-1.600000000000000000e+01,-6.250000000000000000e-02,-6.250000000000000000e-02,3.114375000000000000e+02,-6.250000000000000000e-02,-6.250000000000000000e-02,-1.937500000000000000e+00,2.187500000000000000e+01,3.750000000000000000e+00,-1.568750000000000000e+01,-6.250000000000000000e-02,-6.250000000000000000e-02,1.000000000000000000e+00
2.580625000000000000e+02,-6.250000000000000000e-02,-6.250000000000000000e-02,-8.937500000000000000e+00,2.775000000000000000e+01,5.000000000000000000e+00,-1.581250000000000000e+01,-6.250000000000000000e-02,-6.250000000000000000e-02,3.113125000000000000e+02,-6.250000000000000000e-02,-6.250000000000000000e-02,-1.937500000000000000e+00,2.187500000000000000e+01,3.750000000000000000e+00,-1.568750000000000000e+01,-6.250000000000000000e-02,-6.250000000000000000e-02,1.000000000000000000e+00
2.578750000000000000e+02,-6.250000000000000000e-02,-6.250000000000000000e-02,-8.937500000000000000e+00,2.775000000000000000e+01,5.000000000000000000e+00,-1.487500000000000000e+01,-6.250000000000000000e-02,-6.250000000000000000e-02,3.112500000000000000e+02,-6.250000000000000000e-02,-6.250000000000000000e-02,1.000000000000000000e+00,2.325000000000000000e+01,4.500000000000000000e+00,-1.356250000000000000e+01,-6.250000000000000000e-02,-6.250000000000000000e-02,1.000000000000000000e+00
2.576875000000000000e+02,-6.250000000000000000e-02,-6.250000000000000000e-02,-6.812500000000000000e+00,-6.250000000000000000e-02,-6.250000000000000000e-02,-1.443750000000000000e+01,-6.250000000000000000e-02,-6.250000000000000000e-02,3.113125000000000000e+02,-6.250000000000000000e-02,-6.250000000000000000e-02,5.000000000000000000e+00,-6.250000000000000000e-02,-6.250000000000000000e-02,-1.250000000000000000e+01,-6.250000000000000000e-02,-6.250000000000000000e-02,1.000000000000000000e+00
2.575625000000000000e+02,-1.581250000000000000e+01,-6.250000000000000000e-02,-2.875000000000000000e+00,2.918750000000000000e+01,6.000000000000000000e+00,-1.443750000000000000e+01,-6.250000000000000000e-02,-6.250000000000000000e-02,3.113750000000000000e+02,-6.250000000000000000e-02,-6.250000000000000000e-02,7.375000000000000000e+00,-6.250000000000000000e-02,-6.250000000000000000e-02,-1.143750000000000000e+01,-5.000000000000000000e-01,-1.237500000000000000e+01,1.000000000000000000e+00
2.575000000000000000e+02,-1.556250000000000000e+01,-6.250000000000000000e-02,-4.375000000000000000e-01,3.037500000000000000e+01,6.875000000000000000e+00,-1.375000000000000000e+01,-6.250000000000000000e-02,-6.250000000000000000e-02,3.114375000000000000e+02,-6.250000000000000000e-02,-6.250000000000000000e-02,7.375000000000000000e+00,-6.250000000000000000e-02,-6.250000000000000000e-02,-1.093750000000000000e+01,-1.250000000000000000e-01,-1.093750000000000000e+01,1.000000000000000000e+00
2.574375000000000000e+02,-1.525000000000000000e+01,-6.250000000000000000e-02,-4.375000000000000000e-01,3.012500000000000000e+01,7.375000000000000000e+00,-1.312500000000000000e+01,-6.250000000000000000e-02,-6.250000000000000000e-02,3.113750000000000000e+02,-6.250000000000000000e-02,-6.250000000000000000e-02,2.437500000000000000e+00,-6.250000000000000000e-02,-6.250000000000000000e-02,-1.112500000000000000e+01,1.375000000000000000e+00,-1.112500000000000000e+01,1.000000000000000000e+00
2.573125000000000000e+02,-1.493750000000000000e+01,-6.250000000000000000e-02,-4.312500000000000000e+00,-6.250000000000000000e-02,-6.250000000000000000e-02,-1.243750000000000000e+01,-6.250000000000000000e-02,-6.250000000000000000e-02,3.113750000000000000e+02,-6.250000000000000000e-02,-6.250000000000000000e-02,-2.250000000000000000e+00,3.125000000000000000e+01,7.687500000000000000e+00,-1.118750000000000000e+01,1.375000000000000000e+00,-9.437500000000000000e+00,1.000000000000000000e+00
2.570000000000000000e+02,-1.462500000000000000e+01,-6.250000000000000000e-02,-1.012500000000000000e+01,3.243750000000000000e+01,-6.250000000000000000e-02,-1.150000000000000000e+01,1.812500000000000000e+00,-9.000000000000000000e+00,3.110000000000000000e+02,-6.250000000000000000e-02,-6.250000000000000000e-02,-2.875000000000000000e+00,3.243750000000000000e+01,7.687500000000000000e+00,-1.075000000000000000e+01,1.000000000000000000e+00,-9.125000000000000000e+00,1.000000000000000000e+00
2.566250000000000000e+02,-1.431250000000000000e+01,-6.250000000000000000e-02,-1.218750000000000000e+01,-6.250000000000000000e-02,-6.250000000000000000e-02,-1.068750000000000000e+01,1.250000000000000000e+00,-8.500000000000000000e+00,3.110000000000000000e+02,-8.062500000000000000e+00,-6.250000000000000000e-02,-2.875000000000000000e+00,3.243750000000000000e+01,7.687500000000000000e+00,-1.075000000000000000e+01,1.000000000000000000e+00,-9.125000000000000000e+00,1.000000000000000000e+00
2.566250000000000000e+02,-1.431250000000000000e+01,-6.250000000000000000e-02,-1.218750000000000000e+01,-6.250000000000000000e-02,-6.250000000000000000e-02,-1.068750000000000000e+01,1.250000000000000000e+00,-8.500000000000000000e+00,3.109375000000000000e+02,-6.250000000000000000e-02,-6.250000000000000000e-02,4.375000000000000000e-01,3.406250000000000000e+01,6.562500000000000000e+00,-9.125000000000000000e+00,-2.500000000000000000e-01,-1.000000000000000000e+01,1.000000000000000000e+00
2.563750000000000000e+02,-1.400000000000000000e+01,-6.250000000000000000e-02,-9.312500000000000000e+00,3.356250000000000000e+01,-6.250000000000000000e-02,-8.687500000000000000e+00,9.375000000000000000e-01,-8.812500000000000000e+00,3.109375000000000000e+02,-6.250000000000000000e-02,-6.250000000000000000e-02,5.375000000000000000e+00,3.537500000000000000e+01,5.500000000000000000e+00,-8.812500000000000000e+00,1.250000000000000000e-01,-9.187500000000000000e+00,1.000000000000000000e+00
2.562500000000000000e+02,-1.368750000000000000e+01,-6.250000000000000000e-02,-3.187500000000000000e+00,3.431250000000000000e+01,7.937500000000000000e+00,-8.375000000000000000e+00,2.687500000000000000e+00,-6.250000000000000000e-02,3.110625000000000000e+02,-1.587500000000000000e+01,-6.250000000000000000e-02,1.006250000000000000e+01,3.643750000000000000e+01,4.812500000000000000e+00,-8.375000000000000000e+00,1.062500000000000000e+00,-8.937500000000000000e+00,1.000000000000000000e+00
2.561875000000000000e+02,-1.331250000000000000e+01,-6.250000000000000000e-02,1.500000000000000000e+00,3.437500000000000000e+01,7.625000000000000000e+00,-8.375000000000000000e+00,2.687500000000000000e+00,-6.250000000000000000e-02,3.111875000000000000e+02,-1.550000000000000000e+01,-6.250000000000000000e-02,1.218750000000000000e+01,3.750000000000000000e+01,4.187500000000000000e+00,-8.687500000000000000e+00,1.750000000000000000e+00,-8.250000000000000000e+00,1.000000000000000000e+00
2.562500000000000000e+02,-1.300000000000000000e+01,-6.250000000000000000e-02,3.937500000000000000e+00,3.481250000000000000e+01,7.250000000000000000e+00,-8.437500000000000000e+00,4.437500000000000000e+00,-8.500000000000000000e+00,3.114375000000000000e+02,-1.512500000000000000e+01,-6.250000000000000000e-02,1.375000000000000000e+01,3.818750000000000000e+01,4.750000000000000000e+00,-9.062500000000000000e+00,1.437500000000000000e+00,-9.625000000000000000e+00,1.000000000000000000e+00
2.555625000000000000e+02,-1.262500000000000000e+01,-6.250000000000000000e-02,7.125000000000000000e+00,3.512500000000000000e+01,6.750000000000000000e+00,-8.687500000000000000e+00,2.875000000000000000e+00,-9.312500000000000000e+00,3.115625000000000000e+02,-1.475000000000000000e+01,-6.250000000000000000e-02,1.218750000000000000e+01,3.856250000000000000e+01,5.750000000000000000e+00,-9.250000000000000000e+00,1.625000000000000000e+00,-8.687500000000000000e+00,1.000000000000000000e+00
2.556875000000000000e+02,-1.231250000000000000e+01,-6.250000000000000000e-02,9.812500000000000000e+00,3.587500000000000000e+01,5.875000000000000000e+00,-8.687500000000000000e+00,2.875000000000000000e+00,-9.312500000000000000e+00,3.116875000000000000e+02,-1.437500000000000000e+01,-6.250000000000000000e-02,9.312500000000000000e+00,3.831250000000000000e+01,6.750000000000000000e+00,-8.437500000000000000e+00,1.750000000000000000e+00,-6.250000000000000000e-02,1.000000000000000000e+00
2.557500000000000000e+02,-4.393750000000000000e+01,1.795000000000000000e+02,1.031250000000000000e+01,3.556250000000000000e+01,4.250000000000000000e+00,-7.812500000000000000e+00,-6.250000000000000000e-02,-6.250000000000000000e-02,3.116875000000000000e+02,-1.400000000000000000e+01,-6.250000000000000000e-02,7.437500000000000000e+00,3.725000000000000000e+01,6.687500000000000000e+00,-7.187500000000000000e+00,-6.250000000000000000e-02,-6.250000000000000000e-02,1.000000000000000000e+00
2.558125000000000000e+02,-4.362500000000000000e+01,1.794375000000000000e+02,9.937500000000000000e+00,3.431250000000000000e+01,3.125000000000000000e+00,-7.500000000000000000e+00,-6.250000000000000000e-02,-6.250000000000000000e-02,3.117500000000000000e+02,-1.362500000000000000e+01,-6.250000000000000000e-02,6.437500000000000000e+00,3.587500000000000000e+01,5.750000000000000000e+00,-7.125000000000000000e+00,-6.250000000000000000e-02,-6.250000000000000000e-02,1.000000000000000000e+00
2.558750000000000000e+02,-4.331250000000000000e+01,1.793750000000000000e+02,9.375000000000000000e+00,3.325000000000000000e+01,3.125000000000000000e+00,-7.187500000000000000e+00,-6.250000000000000000e-02,-6.250000000000000000e-02,3.118125000000000000e+02,-1.331250000000000000e+01,-6.250000000000000000e-02,7.750000000000000000e+00,3.425000000000000000e+01,4.875000000000000000e+00,-6.875000000000000000e+00,-6.250000000000000000e-02,-6.250000000000000000e-02,1.000000000000000000e+00
2.559375000000000000e+02,-4.300000000000000000e+01,1.793125000000000000e+02,9.625000000000000000e+00,3.250000000000000000e+01,3.750000000000000000e+00,-7.187500000000000000e+00,-6.250000000000000000e-02,-6.250000000000000000e-02,3.120000000000000000e+02,-1.300000000000000000e+01,-6.250000000000000000e-02,1.050000000000000000e+01,3.331250000000000000e+01,3.937500000000000000e+00,-6.625000000000000000e+00,-6.250000000000000000e-02,-6.250000000000000000e-02,1.000000000000000000e+00
2.560625000000000000e+02,-4.268750000000000000e+01,1.792500000000000000e+02,1.168750000000000000e+01,-6.250000000000000000e-02,-6.250000000000000000e-02,-7.187500000000000000e+00,-6.250000000000000000e-02,-6.250000000000000000e-02,3.195000000000000000e+02,-1.268750000000000000e+01,-6.250000000000000000e-02,1.218750000000000000e+01,3.306250000000000000e+01,3.625000000000000000e+00,-6.562500000000000000e+00,-6.250000000000000000e-02,-6.250000000000000000e-02,1.000000000000000000e+00
2.561250000000000000e+02,-4.237500000000000000e+01,1.791250000000000000e+02,1.381250000000000000e+01,-6.250000000000000000e-02,-6.250000000000000000e-02,-7.625000000000000000e+00,-6.250000000000000000e-02,-6.250000000000000000e-02,3.196250000000000000e+02,-1.237500000000000000e+01,-6.250000000000000000e-02,1.312500000000000000e+01,3.250000000000000000e+01,3.937500000000000000e+00,-6.875000000000000000e+00,-6.250000000000000000e-02,-6.250000000000000000e-02,1.000000000000000000e+00
2.562500000000000000e+02,-4.212500000000000000e+01,1.790625000000000000e+02,1.537500000000000000e+01,-6.250000000000000000e-02,-6.250000000000000000e-02,-7.562500000000000000e+00,-6.250000000000000000e-02,-6.250000000000000000e-02,3.196250000000000000e+02,-1.237500000000000000e+01,-6.250000000000000000e-02,1.318750000000000000e+01,-6.250000000000000000e-02,-6.250000000000000000e-02,-7.000000000000000000e+00,-6.250000000000000000e-02,-6.250000000000000000e-02,1.000000000000000000e+00
2.562500000000000000e+02,-4.212500000000000000e+01,1.790625000000000000e+02,1.562500000000000000e+01,-6.250000000000000000e-02,-6.250000000000000000e-02,-7.562500000000000000e+00,-6.250000000000000000e-02,-6.250000000000000000e-02,3.196875000000000000e+02,-1.206250000000000000e+01,-6.250000000000000000e-02,1.318750000000000000e+01,-6.250000000000000000e-02,-6.250000000000000000e-02,-6.375000000000000000e+00,-6.250000000000000000e-02,-6.250000000000000000e-02,1.000000000000000000e+00
2.563125000000000000e+02,-4.181250000000000000e+01,1.789375000000000000e+02,1.387500000000000000e+01,-6.250000000000000000e-02,-6.250000000000000000e-02,-7.125000000000000000e+00,-6.250000000000000000e-02,-6.250000000000000000e-02,3.197500000000000000e+02,-4.375000000000000000e+01,-1.766250000000000000e+02,1.068750000000000000e+01,-6.250000000000000000e-02,-6.250000000000000000e-02,-6.375000000000000000e+00,-6.250000000000000000e-02,-6.250000000000000000e-02,1.000000000000000000e+00
2.564375000000000000e+02,-4.156250000000000000e+01,1.788750000000000000e+02,1.387500000000000000e+01,-6.250000000000000000e-02,-6.250000000000000000e-02,-7.125000000000000000e+00,-6.250000000000000000e-02,-6.250000000000000000e-02,3.198750000000000000e+02,-4.343750000000000000e+01,-1.766875000000000000e+02,1.056250000000000000e+01,-6.250000000000000000e-02,-6.250000000000000000e-02,-6.312500000000000000e+00,-6.250000000000000000e-02,-6.250000000000000000e-02,1.000000000000000000e+00
2.565000000000000000e+02,-4.125000000000000000e+01,1.788125000000000000e+02,1.312500000000000000e+01,-6.250000000000000000e-02,-6.250000000000000000e-02,-7.000000000000000000e+00,-6.250000000000000000e-02,-6.250000000000000000e-02,3.199375000000000000e+02,-4.318750000000000000e+01,-1.767500000000000000e+02,1.100000000000000000e+01,-6.250000000000000000e-02,-6.250000000000000000e-02,-6.500000000000000000e+00,-6.250000000000000000e-02,-6.250000000000000000e-02,1.000000000000000000e+00
2.566250000000000000e+02,-4.100000000000000000e+01,1.786875000000000000e+02,1.400000000000000000e+01,-6.250000000000000000e-02,-6.250000000000000000e-02,-6.625000000000000000e+00,-6.250000000000000000e-02,-6.250000000000000000e-02,3.199375000000000000e+02,-4.318750000000000000e+01,-1.767500000000000000e+02,9.875000000000000000e+00,-6.250000000000000000e-02,-6.250000000000000000e-02,-6.187500000000000000e+00,-6.250000000000000000e-02,-6.250000000000000000e-02,1.000000000000000000e+00
2.566875000000000000e+02,-4.075000000000000000e+01,1.786250000000000000e+02,1.462500000000000000e+01,-6.250000000000000000e-02,-6.250000000000000000e-02,-5.687500000000000000e+00,-6.250000000000000000e-02,-6.250000000000000000e-02,3.200625000000000000e+02,-4.293750000000000000e+01,-1.768125000000000000e+02,9.875000000000000000e+00,-6.250000000000000000e-02,-6.250000000000000000e-02,-4.312500000000000000e+00,-6.250000000000000000e-02,-6.250000000000000000e-02,1.000000000000000000e+00
2.566875000000000000e+02,-4.075000000000000000e+01,1.786250000000000000e+02,1.462500000000000000e+01,-6.250000000000000000e-02,-6.250000000000000000e-02,-5.375000000000000000e+00,-6.250000000000000000e-02,-6.250000000000000000e-02,3.201250000000000000e+02,-4.268750000000000000e+01,-1.768750000000000000e+02,9.437500000000000000e+00,-6.250000000000000000e-02,-6.250000000000000000e-02,-4.312500000000000000e+00,-6.250000000000000000e-02,-6.250000000000000000e-02,1.000000000000000000e+00
2.568125000000000000e+02,-4.050000000000000000e+01,1.785000000000000000e+02,1.450000000000000000e+01,-6.250000000000000000e-02,-6.250000000000000000e-02,-5.437500000000000000e+00,-6.250000000000000000e-02,-6.250000000000000000e-02,3.202500000000000000e+02,-4.243750000000000000e+01,-1.768750000000000000e+02,8.375000000000000000e+00,-6.250000000000000000e-02,-6.250000000000000000e-02,-4.312500000000000000e+00,-6.250000000000000000e-02,-6.250000000000000000e-02,1.000000000000000000e+00
2.569375000000000000e+02,-4.031250000000000000e+01,1.784375000000000000e+02,1.475000000000000000e+01,-6.250000000000000000e-02,-6.250000000000000000e-02,-5.312500000000000000e+00,-6.250000000000000000e-02,-6.250000000000000000e-02,3.203125000000000000e+02,-4.218750000000000000e+01,-1.769375000000000000e+02,7.875000000000000000e+00,-6.250000000000000000e-02,-6.250000000000000000e-02,-4.312500000000000000e+00,-6.250000000000000000e-02,-6.250000000000000000e-02,1.000000000000000000e+00
2.570000000000000000e+02,-4.006250000000000000e+01,1.783125000000000000e+02,1.387500000000000000e+01,2.343750000000000000e+01,6.000000000000000000e+00,-4.500000000000000000e+00,-6.250000000000000000e-02,-6.250000000000000000e-02,3.204375000000000000e+02,-4.193750000000000000e+01,-1.769375000000000000e+02,9.500000000000000000e+00,2.312500000000000000e+01,6.687500000000000000e+00,-3.000000000000000000e+00,1.875000000000000000e-01,-6.250000000000000000e-02,1.000000000000000000e+00
2.571250000000000000e+02,-6.250000000000000000e-02,-6.250000000000000000e-02,1.350000000000000000e+01,2.250000000000000000e+01,6.812500000000000000e+00,-4.500000000000000000e+00,-6.250000000000000000e-02,-6.250000000000000000e-02,3.205000000000000000e+02,-4.175000000000000000e+01,-1.770000000000000000e+02,1.231250000000000000e+01,2.031250000000000000e+01,6.812500000000000000e+00,-2.687500000000000000e+00,-3.125000000000000000e-01,-4.625000000000000000e+00,1.000000000000000000e+00
2.572500000000000000e+02,-6.250000000000000000e-02,-6.250000000000000000e-02,1.525000000000000000e+01,1.937500000000000000e+01,-6.250000000000000000e-02,-3.187500000000000000e+00,-5.000000000000000000e-01,-7.687500000000000000e+00,3.206250000000000000e+02,-4.156250000000000000e+01,-1.771250000000000000e+02,1.343750000000000000e+01,1.775000000000000000e+01,6.812500000000000000e+00,-2.312500000000000000e+00,0.000000000000000000e+00,-6.250000000000000000e-02,1.000000000000000000e+00
2.573750000000000000e+02,-6.250000000000000000e-02,-6.250000000000000000e-02,1.468750000000000000e+01,1.737500000000000000e+01,-6.250000000000000000e-02,-2.125000000000000000e+00,-7.500000000000000000e-01,-6.125000000000000000e+00,3.207500000000000000e+02,-4.143750000000000000e+01,-1.771875000000000000e+02,1.287500000000000000e+01,-6.250000000000000000e-02,-6.250000000000000000e-02,-2.312500000000000000e+00,0.000000000000000000e+00,-6.250000000000000000e-02,1.000000000000000000e+00
2.575625000000000000e+02,-6.250000000000000000e-02,-6.250000000000000000e-02,1.468750000000000000e+01,1.737500000000000000e+01,-6.250000000000000000e-02,-2.125000000000000000e+00,-7.500000000000000000e-01,-6.125000000000000000e+00,3.208750000000000000e+02,-4.131250000000000000e+01,-1.772500000000000000e+02,1.243750000000000000e+01,-6.250000000000000000e-02,-6.250000000000000000e-02,-2.250000000000000000e+00,-7.500000000000000000e-01,-3.062500000000000000e+00,1.000000000000000000e+00
2.576875000000000000e+02,-6.250000000000000000e-02,-6.250000000000000000e-02,1.356250000000000000e+01,-6.250000000000000000e-02,-6.250000000000000000e-02,-2.062500000000000000e+00,-8.750000000000000000e-01,-5.375000000000000000e+00,3.210000000000000000e+02,-4.118750000000000000e+01,-1.773125000000000000e+02,1.312500000000000000e+01,-6.250000000000000000e-02,-6.250000000000000000e-02,-1.812500000000000000e+00,-3.125000000000000000e-01,-3.562500000000000000e+00,1.000000000000000000e+00
2.578125000000000000e+02,-6.250000000000000000e-02,-6.250000000000000000e-02,1.300000000000000000e+01,-6.250000000000000000e-02,-6.250000000000000000e-02,-2.312500000000000000e+00,-3.125000000000000000e-01,-5.000000000000000000e+00,3.211250000000000000e+02,-4.106250000000000000e+01,-1.773125000000000000e+02,1.312500000000000000e+01,-6.250000000000000000e-02,-6.250000000000000000e-02,-1.250000000000000000e+00,0.000000000000000000e+00,-6.250000000000000000e-02,1.000000000000000000e+00
2.579375000000000000e+02,-6.250000000000000000e-02,-6.250000000000000000e-02,1.137500000000000000e+01,-6.250000000000000000e-02,-6.250000000000000000e-02,-1.937500000000000000e+00,5.625000000000000000e-01,-6.250000000000000000e-02,3.212500000000000000e+02,-4.093750000000000000e+01,-1.773750000000000000e+02,1.268750000000000000e+01,-6.250000000000000000e-02,-6.250000000000000000e-02,-7.500000000000000000e-01,-1.250000000000000000e-01,-5.625000000000000000e-01,1.000000000000000000e+00
2.580625000000000000e+02,-6.250000000000000000e-02,-6.250000000000000000e-02,1.025000000000000000e+01,-6.250000000000000000e-02,-6.250000000000000000e-02,-1.625000000000000000e+00,6.250000000000000000e-01,-6.250000000000000000e-02,3.213750000000000000e+02,-4.087500000000000000e+01,-1.774375000000000000e+02,1.243750000000000000e+01,7.062500000000000000e+00,7.812500000000000000e+00,8.750000000000000000e-01,1.250000000000000000e-01,-6.250000000000000000e-02,1.000000000000000000e+00
2.581875000000000000e+02,-6.250000000000000000e-02,-6.250000000000000000e-02,1.075000000000000000e+01,6.812500000000000000e+00,-6.250000000000000000e-02,-6.250000000000000000e-01,6.250000000000000000e-01,-6.250000000000000000e-02,3.215000000000000000e+02,-4.081250000000000000e+01,-1.775000000000000000e+02,1.075000000000000000e+01,5.125000000000000000e+00,7.375000000000000000e+00,1.312500000000000000e+00,4.375000000000000000e-01,-6.250000000000000000e-02,1.000000000000000000e+00
2.583125000000000000e+02,-6.250000000000000000e-02,-6.250000000000000000e-02,9.687500000000000000e+00,4.437500000000000000e+00,-6.250000000000000000e-02,1.250000000000000000e-01,6.250000000000000000e-01,-6.250000000000000000e-02,3.215000000000000000e+02,-4.081250000000000000e+01,-1.775000000000000000e+02,1.075000000000000000e+01,5.125000000000000000e+00,7.375000000000000000e+00,1.312500000000000000e+00,4.375000000000000000e-01,-6.250000000000000000e-02,1.000000000000000000e+00
2.583125000000000000e+02,-6.250000000000000000e-02,-6.250000000000000000e-02,9.687500000000000000e+00,4.437500000000000000e+00,-6.250000000000000000e-02,7.500000000000000000e-01,2.500000000000000000e-01,-6.250000000000000000e-02,3.215625000000000000e+02,-4.081250000000000000e+01,-1.775000000000000000e+02,8.000000000000000000e+00,3.500000000000000000e+00,7.437500000000000000e+00,1.625000000000000000e+00,4.375000000000000000e-01,-6.250000000000000000e-02,1.000000000000000000e+00
2.584375000000000000e+02,-6.250000000000000000e-02,-6.250000000000000000e-02,6.812500000000000000e+00,3.500000000000000000e+00,-6.250000000000000000e-02,7.500000000000000000e-01,2.500000000000000000e-01,-6.250000000000000000e-02,3.216875000000000000e+02,-4.081250000000000000e+01,-1.775625000000000000e+02,7.625000000000000000e+00,3.125000000000000000e-01,6.812500000000000000e+00,1.187500000000000000e+00,1.250000000000000000e-01,6.875000000000000000e-01,1.000000000000000000e+00
2.585625000000000000e+02,-6.250000000000000000e-02,-6.250000000000000000e-02,-2.042562500000000000e+03,1.937500000000000000e+00,-6.250000000000000000e-02,4.375000000000000000e-01,-6.250000000000000000e-02,-6.250000000000000000e-02,3.217500000000000000e+02,-4.081250000000000000e+01,-1.775625000000000000e+02,8.312500000000000000e+00,-6.250000000000000000e-02,-6.250000000000000000e-02,1.187500000000000000e+00,-6.250000000000000000e-02,-6.250000000000000000e-02,1.000000000000000000e+00
2.586250000000000000e+02,-6.250000000000000000e-02,-6.250000000000000000e-02,4.562500000000000000e+00,-6.250000000000000000e-02,-6.250000000000000000e-02,6.250000000000000000e-02,-6.250000000000000000e-02,-6.250000000000000000e-02,3.218750000000000000e+02,-4.081250000000000000e+01,-1.775625000000000000e+02,7.312500000000000000e+00,-6.250000000000000000e-02,-6.250000000000000000e-02,1.187500000000000000e+00,-6.250000000000000000e-02,-6.250000000000000000e-02,1.000000000000000000e+00
2.587500000000000000e+02,-6.250000000000000000e-02,-6.250000000000000000e-02,4.687500000000000000e+00,-6.250000000000000000e-02,-6.250000000000000000e-02,6.875000000000000000e-01,-6.250000000000000000e-02,-6.250000000000000000e-02,3.219375000000000000e+02,-4.087500000000000000e+01,-1.776250000000000000e+02,6.375000000000000000e+00,-6.250000000000000000e-02,-6.250000000000000000e-02,1.187500000000000000e+00,-6.250000000000000000e-02,-6.250000000000000000e-02,1.000000000000000000e+00
2.588750000000000000e+02,-6.250000000000000000e-02,-6.250000000000000000e-02,5.250000000000000000e+00,-6.250000000000000000e-02,-6.250000000000000000e-02,5.625000000000000000e-01,-6.250000000000000000e-02,-6.250000000000000000e-02,3.219375000000000000e+02,-4.087500000000000000e+01,-1.776250000000000000e+02,6.687500000000000000e+00,-6.250000000000000000e-02,-6.250000000000000000e-02,1.562500000000000000e+00,-6.250000000000000000e-02,-6.250000000000000000e-02,1.000000000000000000e+00
2.588750000000000000e+02,-6.250000000000000000e-02,-6.250000000000000000e-02,5.375000000000000000e+00,-9.562500000000000000e+00,1.031250000000000000e+01,1.187500000000000000e+00,0.000000000000000000e+00,2.562500000000000000e+00,3.220000000000000000e+02,-4.100000000000000000e+01,-1.776250000000000000e+02,6.687500000000000000e+00,-6.250000000000000000e-02,-6.250000000000000000e-02,2.625000000000000000e+00,-6.250000000000000000e-02,-6.250000000000000000e-02,1.000000000000000000e+00
2.590000000000000000e+02,-6.250000000000000000e-02,-6.250000000000000000e-02,5.375000000000000000e+00,-9.562500000000000000e+00,1.031250000000000000e+01,1.187500000000000000e+00,0.000000000000000000e+00,2.562500000000000000e+00,3.220625000000000000e+02,-4.106250000000000000e+01,-1.776250000000000000e+02,5.875000000000000000e+00,-9.875000000000000000e+00,4.125000000000000000e+00,2.625000000000000000e+00,-6.250000000000000000e-02,-6.250000000000000000e-02,1.000000000000000000e+00
2.590625000000000000e+02,-6.250000000000000000e-02,-6.250000000000000000e-02,4.562500000000000000e+00,-1.156250000000000000e+01,1.050000000000000000e+01,2.125000000000000000e+00,6.875000000000000000e-01,3.875000000000000000e+00,3.221250000000000000e+02,-4.118750000000000000e+01,-1.776250000000000000e+02,4.375000000000000000e+00,-1.300000000000000000e+01,-6.250000000000000000e-02,3.187500000000000000e+00,1.875000000000000000e-01,7.000000000000000000e+00,1.000000000000000000e+00
2.591875000000000000e+02,-6.250000000000000000e-02,-6.250000000000000000e-02,3.375000000000000000e+00,-1.475000000000000000e+01,-6.250000000000000000e-02,3.625000000000000000e+00,1.562500000000000000e+00,4.125000000000000000e+00,3.221250000000000000e+02,-4.131250000000000000e+01,-1.776875000000000000e+02,3.250000000000000000e+00,-1.550000000000000000e+01,-6.250000000000000000e-02,5.000000000000000000e+00,1.875000000000000000e-01,6.312500000000000000e+00,1.000000000000000000e+00
2.593125000000000000e+02,-6.250000000000000000e-02,-6.250000000000000000e-02,3.000000000000000000e+00,-6.250000000000000000e-02,-6.250000000000000000e-02,4.437500000000000000e+00,1.312500000000000000e+00,3.812500000000000000e+00,3.221875000000000000e+02,-4.150000000000000000e+01,-1.776875000000000000e+02,2.062500000000000000e+00,-6.250000000000000000e-02,-6.250000000000000000e-02,5.687500000000000000e+00,3.750000000000000000e-01,7.187500000000000000e+00,1.000000000000000000e+00
2.594375000000000000e+02,-6.250000000000000000e-02,-6.250000000000000000e-02,2.187500000000000000e+00,-6.250000000000000000e-02,-6.250000000000000000e-02,4.750000000000000000e+00,1.125000000000000000e+00,3.687500000000000000e+00,3.221875000000000000e+02,-4.168750000000000000e+01,-1.776250000000000000e+02,6.875000000000000000e-01,-6.250000000000000000e-02,-6.250000000000000000e-02,6.312500000000000000e+00,4.375000000000000000e-01,7.562500000000000000e+00,1.000000000000000000e+00
2.594375000000000000e+02,-6.250000000000000000e-02,-6.250000000000000000e-02,9.375000000000000000e-01,-6.250000000000000000e-02,-6.250000000000000000e-02,5.500000000000000000e+00,1.750000000000000000e+00,4.812500000000000000e+00,3.221875000000000000e+02,-4.168750000000000000e+01,-1.776250000000000000e+02,6.875000000000000000e-01,-6.250000000000000000e-02,-6.250000000000000000e-02,6.062500000000000000e+00,1.250000000000000000e-01,-6.250000000000000000e-02,1.000000000000000000e+00
2.595000000000000000e+02,-6.250000000000000000e-02,-6.250000000000000000e-02,9.375000000000000000e-01,-6.250000000000000000e-02,-6.250000000000000000e-02,6.375000000000000000e+00,1.562500000000000000e+00,5.000000000000000000e+00,3.221875000000000000e+02,-4.193750000000000000e+01,-1.776250000000000000e+02,-3.125000000000000000e-01,-6.937500000000000000e+00,-6.250000000000000000e-02,6.062500000000000000e+00,1.250000000000000000e-01,-6.250000000000000000e-02,1.000000000000000000e+00
2.595625000000000000e+02,-6.250000000000000000e-02,-6.250000000000000000e-02,1.062500000000000000e+00,-2.406250000000000000e+01,8.375000000000000000e+00,6.375000000000000000e+00,1.562500000000000000e+00,5.000000000000000000e+00,3.221875000000000000e+02,-4.218750000000000000e+01,-1.776250000000000000e+02,-2.500000000000000000e-01,-2.575000000000000000e+01,-6.250000000000000000e-01,7.437500000000000000e+00,1.875000000000000000e-01,-6.250000000000000000e-02,1.000000000000000000e+00
2.596250000000000000e+02,-4.025000000000000000e+01,1.783125000000000000e+02,5.625000000000000000e-01,-2.643750000000000000e+01,7.750000000000000000e+00,7.937500000000000000e+00,1.437500000000000000e+00,5.875000000000000000e+00,3.221875000000000000e+02,-4.250000000000000000e+01,-1.776250000000000000e+02,1.250000000000000000e-01,-1.556250000000000000e+01,-6.250000000000000000e-02,7.437500000000000000e+00,-6.250000000000000000e-02,-6.250000000000000000e-02,1.000000000000000000e+00
2.596875000000000000e+02,-4.050000000000000000e+01,1.783125000000000000e+02,1.250000000000000000e-01,-1.337500000000000000e+01,-6.250000000000000000e-02,-2.040062500000000000e+03,1.437500000000000000e+00,5.875000000000000000e+00,3.221875000000000000e+02,-4.281250000000000000e+01,-1.776875000000000000e+02,1.937500000000000000e+00,-6.250000000000000000e-02,-6.250000000000000000e-02,8.812500000000000000e+00,0.000000000000000000e+00,-6.250000000000000000e-02,1.000000000000000000e+00
2.597500000000000000e+02,-4.081250000000000000e+01,1.783750000000000000e+02,2.500000000000000000e-01,-6.250000000000000000e-02,-6.250000000000000000e-02,8.562500000000000000e+00,5.625000000000000000e-01,-6.250000000000000000e-02,3.221875000000000000e+02,-4.318750000000000000e+01,-1.776875000000000000e+02,2.000000000000000000e+00,-6.250000000000000000e-02,-6.250000000000000000e-02,9.312500000000000000e+00,-6.250000000000000000e-02,-6.250000000000000000e-02,1.000000000000000000e+00
2.598125000000000000e+02,-4.118750000000000000e+01,1.784375000000000000e+02,1.750000000000000000e+00,-6.250000000000000000e-02,-6.250000000000000000e-02,9.312500000000000000e+00,5.000000000000000000e-01,-6.250000000000000000e-02,3.221250000000000000e+02,-4.362500000000000000e+01,-1.777500000000000000e+02,1.062500000000000000e+00,-4.100000000000000000e+01,-3.812500000000000000e+00,1.093750000000000000e+01,-6.250000000000000000e-02,-6.250000000000000000e-02,1.000000000000000000e+00
2.598750000000000000e+02,-4.162500000000000000e+01,1.784375000000000000e+02,2.437500000000000000e+00,-4.206250000000000000e+01,5.500000000000000000e+00,1.025000000000000000e+01,3.125000000000000000e-01,-6.250000000000000000e-02,3.221250000000000000e+02,-1.206250000000000000e+01,-6.250000000000000000e-02,6.250000000000000000e-02,-1.243750000000000000e+01,-6.250000000000000000e-02,1.143750000000000000e+01,-6.250000000000000000e-02,-6.250000000000000000e-02,1.000000000000000000e+00
2.599375000000000000e+02,-4.206250000000000000e+01,1.784375000000000000e+02,2.250000000000000000e+00,-1.450000000000000000e+01,-6.250000000000000000e-02,1.112500000000000000e+01,6.250000000000000000e-01,-6.250000000000000000e-02,3.221250000000000000e+02,-1.206250000000000000e+01,-6.250000000000000000e-02,-5.000000000000000000e-01,-1.581250000000000000e+01,-6.250000000000000000e-02,1.168750000000000000e+01,-6.250000000000000000e-02,-6.250000000000000000e-02,1.000000000000000000e+00
2.599375000000000000e+02,-4.206250000000000000e+01,1.784375000000000000e+02,1.312500000000000000e+00,-6.250000000000000000e-02,-6.250000000000000000e-02,1.162500000000000000e+01,2.500000000000000000e-01,-6.250000000000000000e-02,3.220625000000000000e+02,-1.250000000000000000e+01,-6.250000000000000000e-02,-5.000000000000000000e-01,-1.581250000000000000e+01,-6.250000000000000000e-02,1.168750000000000000e+01,-6.250000000000000000e-02,-6.250000000000000000e-02,1.000000000000000000e+00
2.600000000000000000e+02,-4.256250000000000000e+01,1.784375000000000000e+02,1.312500000000000000e+00,-6.250000000000000000e-02,-6.250000000000000000e-02,1.162500000000000000e+01,2.500000000000000000e-01,-6.250000000000000000e-02,3.176875000000000000e+02,-1.300000000000000000e+01,-6.250000000000000000e-02,6.875000000000000000e-01,-6.250000000000000000e-02,-6.250000000000000000e-02,1.243750000000000000e+01,-6.250000000000000000e-02,-6.250000000000000000e-02,1.000000000000000000e+00
2.600625000000000000e+02,-4.306250000000000000e+01,1.784375000000000000e+02,2.000000000000000000e+00,-6.250000000000000000e-02,-6.250000000000000000e-02,1.212500000000000000e+01,0.000000000000000000e+00,-6.250000000000000000e-02,3.178750000000000000e+02,-1.350000000000000000e+01,-6.250000000000000000e-02,3.250000000000000000e+00,-6.250000000000000000e-02,-6.250000000000000000e-02,1.256250000000000000e+01,-6.250000000000000000e-02,-6.250000000000000000e-02,1.000000000000000000e+00
2.600625000000000000e+02,-4.362500000000000000e+01,1.784375000000000000e+02,3.062500000000000000e+00,-5.725000000000000000e+01,3.500000000000000000e+00,1.225000000000000000e+01,-6.250000000000000000e-02,-6.250000000000000000e-02,3.180625000000000000e+02,-1.406250000000000000e+01,-6.250000000000000000e-02,4.500000000000000000e+00,-5.662500000000000000e+01,-4.500000000000000000e+00,1.125000000000000000e+01,-6.250000000000000000e-02,-6.250000000000000000e-02,1.000000000000000000e+00
2.601250000000000000e+02,-1.225000000000000000e+01,-6.250000000000000000e-02,4.437500000000000000e+00,-1.237500000000000000e+01,-6.250000000000000000e-02,1.256250000000000000e+01,-6.250000000000000000e-02,-6.250000000000000000e-02,3.182500000000000000e+02,-1.462500000000000000e+01,-6.250000000000000000e-02,5.312500000000000000e+00,-5.950000000000000000e+01,-5.500000000000000000e+00,1.181250000000000000e+01,-6.250000000000000000e-02,-6.250000000000000000e-02,1.000000000000000000e+00
2.601250000000000000e+02,-1.281250000000000000e+01,-6.250000000000000000e-02,5.812500000000000000e+00,-1.550000000000000000e+01,-6.250000000000000000e-02,1.225000000000000000e+01,-6.250000000000000000e-02,-6.250000000000000000e-02,3.185000000000000000e+02,-1.525000000000000000e+01,-6.250000000000000000e-02,5.187500000000000000e+00,-1.443750000000000000e+01,-6.250000000000000000e-02,1.237500000000000000e+01,-6.250000000000000000e-02,-6.250000000000000000e-02,1.000000000000000000e+00
2.634375000000000000e+02,-1.350000000000000000e+01,-6.250000000000000000e-02,5.937500000000000000e+00,-6.250000000000000000e-02,-6.250000000000000000e-02,1.225000000000000000e+01,-6.250000000000000000e-02,-6.250000000000000000e-02,3.186875000000000000e+02,-1.587500000000000000e+01,-6.250000000000000000e-02,4.500000000000000000e+00,-6.250000000000000000e-02,-6.250000000000000000e-02,1.318750000000000000e+01,-6.250000000000000000e-02,-6.250000000000000000e-02,1.000000000000000000e+00
2.634375000000000000e+02,-1.418750000000000000e+01,-6.250000000000000000e-02,3.875000000000000000e+00,-6.250000000000000000e-02,-6.250000000000000000e-02,1.262500000000000000e+01,5.625000000000000000e-01,-6.250000000000000000e-02,3.189375000000000000e+02,-6.250000000000000000e-02,-6.250000000000000000e-02,5.500000000000000000e+00,-6.250000000000000000e-02,-6.250000000000000000e-02,1.131250000000000000e+01,-6.250000000000000000e-02,-6.250000000000000000e-02,1.000000000000000000e+00
2.634375000000000000e+02,-1.487500000000000000e+01,-6.250000000000000000e-02,2.750000000000000000e+00,-6.250000000000000000e-02,-6.250000000000000000e-02,1.256250000000000000e+01,2.500000000000000000e-01,-6.250000000000000000e-02,3.189375000000000000e+02,-6.250000000000000000e-02,-6.250000000000000000e-02,5.187500000000000000e+00,-6.250000000000000000e-02,-6.250000000000000000e-02,1.218750000000000000e+01,-6.250000000000000000e-02,-6.250000000000000000e-02,1.000000000000000000e+00
2.635000000000000000e+02,-1.556250000000000000e+01,-6.250000000000000000e-02,3.687500000000000000e+00,-7.500000000000000000e+01,1.875000000000000000e+00,1.256250000000000000e+01,4.375000000000000000e-01,-6.250000000000000000e-02,3.191875000000000000e+02,-6.250000000000000000e-02,-6.250000000000000000e-02,7.625000000000000000e+00,-6.250000000000000000e-02,-6.250000000000000000e-02,1.231250000000000000e+01,-6.250000000000000000e-02,-6.250000000000000000e-02,1.000000000000000000e+00
2.635000000000000000e+02,-1.556250000000000000e+01,-6.250000000000000000e-02,3.687500000000000000e+00,-7.500000000000000000e+01,1.875000000000000000e+00,1.318750000000000000e+01,3.125000000000000000e-01,-6.250000000000000000e-02,3.194375000000000000e+02,-6.250000000000000000e-02,-6.250000000000000000e-02,7.625000000000000000e+00,-6.250000000000000000e-02,-6.250000000000000000e-02,1.231250000000000000e+01,-6.250000000000000000e-02,-6.250000000000000000e-02,1.000000000000000000e+00
2.635625000000000000e+02,-6.250000000000000000e-02,-6.250000000000000000e-02,5.250000000000000000e+00,-1.306250000000000000e+01,-6.250000000000000000e-02,1.068750000000000000e+01,-6.250000000000000000e-02,-6.250000000000000000e-02,3.198125000000000000e+02,-6.250000000000000000e-02,-6.250000000000000000e-02,1.000000000000000000e+01,-7.225000000000000000e+01,-9.375000000000000000e+00,1.125000000000000000e+01,-6.250000000000000000e-02,-6.250000000000000000e-02,1.000000000000000000e+00
2.636250000000000000e+02,-6.250000000000000000e-02,-6.250000000000000000e-02,7.312500000000000000e+00,-6.250000000000000000e-02,-6.250000000000000000e-02,1.068750000000000000e+01,-6.250000000000000000e-02,-6.250000000000000000e-02,3.201250000000000000e+02,-6.250000000000000000e-02,-6.250000000000000000e-02,9.937500000000000000e+00,-7.318750000000000000e+01,-1.037500000000000000e+01,9.812500000000000000e+00,-6.250000000000000000e-02,-6.250000000000000000e-02,1.000000000000000000e+00
2.637500000000000000e+02,-6.250000000000000000e-02,-6.250000000000000000e-02,7.375000000000000000e+00,-6.250000000000000000e-02,-6.250000000000000000e-02,1.087500000000000000e+01,-6.250000000000000000e-02,-6.250000000000000000e-02,3.204375000000000000e+02,-6.250000000000000000e-02,-6.250000000000000000e-02,8.687500000000000000e+00,-7.450000000000000000e+01,-1.125000000000000000e+01,1.043750000000000000e+01,-6.250000000000000000e-02,-6.250000000000000000e-02,1.000000000000000000e+00
2.638125000000000000e+02,-6.250000000000000000e-02,-6.250000000000000000e-02,4.937500000000000000e+00,-6.250000000000000000e-02,-6.250000000000000000e-02,1.087500000000000000e+01,-6.250000000000000000e-02,-6.250000000000000000e-02,3.207500000000000000e+02,-6.250000000000000000e-02,-6.250000000000000000e-02,1.075000000000000000e+01,-7.493750000000000000e+01,-1.206250000000000000e+01,1.043750000000000000e+01,-6.250000000000000000e-02,-6.250000000000000000e-02,1.000000000000000000e+00
2.639375000000000000e+02,-6.250000000000000000e-02,-6.250000000000000000e-02,7.375000000000000000e+00,-6.250000000000000000e-02,-6.250000000000000000e-02,1.062500000000000000e+01,-6.250000000000000000e-02,-6.250000000000000000e-02,3.211250000000000000e+02,-6.250000000000000000e-02,-6.250000000000000000e-02,1.437500000000000000e+01,-1.506250000000000000e+01,-6.250000000000000000e-02,9.250000000000000000e+00,-6.250000000000000000e-02,-6.250000000000000000e-02,1.000000000000000000e+00
2.639375000000000000e+02,-6.250000000000000000e-02,-6.250000000000000000e-02,9.062500000000000000e+00,-8.956250000000000000e+01,-1.875000000000000000e+00,1.068750000000000000e+01,-6.250000000000000000e-02,-6.250000000000000000e-02,3.215625000000000000e+02,-6.250000000000000000e-02,-6.250000000000000000e-02,1.437500000000000000e+01,-1.506250000000000000e+01,-6.250000000000000000e-02,9.250000000000000000e+00,-6.250000000000000000e-02,-6.250000000000000000e-02,1.000000000000000000e+00
2.641250000000000000e+02,-6.250000000000000000e-02,-6.250000000000000000e-02,9.062500000000000000e+00,-8.956250000000000000e+01,-1.875000000000000000e+00,1.043750000000000000e+01,-6.250000000000000000e-02,-6.250000000000000000e-02,3.219375000000000000e+02,-6.250000000000000000e-02,-6.250000000000000000e-02,1.468750000000000000e+01,-1.487500000000000000e+01,-6.250000000000000000e-02,9.812500000000000000e+00,-6.250000000000000000e-02,-6.250000000000000000e-02,1.000000000000000000e+00
2.642500000000000000e+02,-6.250000000000000000e-02,-6.250000000000000000e-02,9.875000000000000000e+00,-9.168750000000000000e+01,-2.312500000000000000e+00,1.043750000000000000e+01,-6.250000000000000000e-02,-6.250000000000000000e-02,3.223125000000000000e+02,-6.250000000000000000e-02,-6.250000000000000000e-02,1.512500000000000000e+01,-1.418750000000000000e+01,-6.250000000000000000e-02,9.250000000000000000e+00,-6.250000000000000000e-02,-6.250000000000000000e-02,1.000000000000000000e+00
2.644375000000000000e+02,-6.250000000000000000e-02,-6.250000000000000000e-02,1.018750000000000000e+01,-9.075000000000000000e+01,-2.687500000000000000e+00,1.018750000000000000e+01,-6.250000000000000000e-02,-6.250000000000000000e-02,3.226250000000000000e+02,-5.656250000000000000e+01,1.790000000000000000e+02,1.418750000000000000e+01,-1.375000000000000000e+01,-6.250000000000000000e-02,9.687500000000000000e+00,-6.250000000000000000e-02,-6.250000000000000000e-02,1.000000000000000000e+00
2.645625000000000000e+02,-6.250000000000000000e-02,-6.250000000000000000e-02,9.812500000000000000e+00,-8.993750000000000000e+01,-2.687500000000000000e+00,1.018750000000000000e+01,-6.250000000000000000e-02,-6.250000000000000000e-02,3.230000000000000000e+02,-5.731250000000000000e+01,1.786250000000000000e+02,1.568750000000000000e+01,-1.368750000000000000e+01,-6.250000000000000000e-02,9.687500000000000000e+00,-6.250000000000000000e-02,-6.250000000000000000e-02,1.000000000000000000e+00
2.646875000000000000e+02,-5.675000000000000000e+01,1.766875000000000000e+02,1.056250000000000000e+01,-1.343750000000000000e+01,-6.250000000000000000e-02,8.937500000000000000e+00,-6.250000000000000000e-02,-6.250000000000000000e-02,3.233750000000000000e+02,-5.806250000000000000e+01,1.783125000000000000e+02,1.543750000000000000e+01,-1.381250000000000000e+01,-6.250000000000000000e-02,7.812500000000000000e+00,-6.250000000000000000e-02,-6.250000000000000000e-02,1.000000000000000000e+00
2.648750000000000000e+02,-5.768750000000000000e+01,1.764375000000000000e+02,1.250000000000000000e+01,-1.312500000000000000e+01,-6.250000000000000000e-02,8.625000000000000000e+00,-6.250000000000000000e-02,-6.250000000000000000e-02,3.236875000000000000e+02,-5.881250000000000000e+01,1.779375000000000000e+02,1.337500000000000000e+01,-1.300000000000000000e+01,-6.250000000000000000e-02,7.812500000000000000e+00,-6.250000000000000000e-02,-6.250000000000000000e-02,1.000000000000000000e+00
2.650625000000000000e+02,-5.856250000000000000e+01,1.761875000000000000e+02,1.250000000000000000e+01,-1.312500000000000000e+01,-6.250000000000000000e-02,8.562500000000000000e+00,-6.250000000000000000e-02,-6.250000000000000000e-02,3.240000000000000000e+02,-5.956250000000000000e+01,1.776250000000000000e+02,1.268750000000000000e+01,-7.581250000000000000e+01,-1.106250000000000000e+01,6.375000000000000000e+00,-6.250000000000000000e-02,-6.250000000000000000e-02,1.000000000000000000e+00
2.652500000000000000e+02,-5.950000000000000000e+01,1.758750000000000000e+02,1.175000000000000000e+01,-1.256250000000000000e+01,-6.250000000000000000e-02,8.562500000000000000e+00,-6.250000000000000000e-02,-6.250000000000000000e-02,3.242500000000000000e+02,-1.225000000000000000e+01,-6.250000000000000000e-02,1.225000000000000000e+01,-1.231250000000000000e+01,-6.250000000000000000e-02,6.375000000000000000e+00,-6.250000000000000000e-02,-6.250000000000000000e-02,1.000000000000000000e+00
2.653750000000000000e+02,-1.237500000000000000e+01,-6.250000000000000000e-02,1.106250000000000000e+01,-1.356250000000000000e+01,-6.250000000000000000e-02,8.937500000000000000e+00,-6.250000000000000000e-02,-6.250000000000000000e-02,3.245625000000000000e+02,-1.300000000000000000e+01,-6.250000000000000000e-02,1.481250000000000000e+01,-7.581250000000000000e+01,-1.100000000000000000e+01,8.062500000000000000e+00,-6.250000000000000000e-02,-6.250000000000000000e-02,1.000000000000000000e+00
2.655625000000000000e+02,-1.331250000000000000e+01,-6.250000000000000000e-02,1.237500000000000000e+01,-6.250000000000000000e-02,-6.250000000000000000e-02,5.500000000000000000e+00,-6.250000000000000000e-02,-6.250000000000000000e-02,3.248750000000000000e+02,-1.375000000000000000e+01,-6.250000000000000000e-02,1.512500000000000000e+01,-7.500000000000000000e+01,-1.043750000000000000e+01,4.812500000000000000e+00,-6.250000000000000000e-02,-6.250000000000000000e-02,1.000000000000000000e+00
2.657500000000000000e+02,-1.431250000000000000e+01,-6.250000000000000000e-02,1.237500000000000000e+01,-6.250000000000000000e-02,-6.250000000000000000e-02,5.500000000000000000e+00,-6.250000000000000000e-02,-6.250000000000000000e-02,3.251250000000000000e+02,-1.437500000000000000e+01,-6.250000000000000000e-02,1.175000000000000000e+01,-6.250000000000000000e-02,-6.250000000000000000e-02,6.000000000000000000e+00,-6.250000000000000000e-02,-6.250000000000000000e-02,1.000000000000000000e+00
2.658750000000000000e+02,-1.518750000000000000e+01,-6.250000000000000000e-02,9.062500000000000000e+00,-1.518750000000000000e+01,-6.250000000000000000e-02,5.375000000000000000e+00,-6.250000000000000000e-02,-6.250000000000000000e-02,3.253125000000000000e+02,-1.512500000000000000e+01,-6.250000000000000000e-02,1.087500000000000000e+01,-7.287500000000000000e+01,-8.687500000000000000e+00,4.500000000000000000e+00,-6.250000000000000000e-02,-6.250000000000000000e-02,1.000000000000000000e+00
2.658750000000000000e+02,-6.250000000000000000e-02,-6.250000000000000000e-02,5.062500000000000000e+00,-1.218750000000000000e+01,-6.250000000000000000e-02,4.187500000000000000e+00,-6.250000000000000000e-02,-6.250000000000000000e-02,3.255000000000000000e+02,-1.581250000000000000e+01,-6.250000000000000000e-02,9.250000000000000000e+00,-7.231250000000000000e+01,-7.750000000000000000e+00,4.625000000000000000e+00,-6.250000000000000000e-02,-6.250000000000000000e-02,1.000000000000000000e+00
2.658750000000000000e+02,-6.250000000000000000e-02,-6.250000000000000000e-02,3.375000000000000000e+00,-9.112500000000000000e+01,-1.250000000000000000e+00,4.125000000000000000e+00,-6.250000000000000000e-02,-6.250000000000000000e-02,3.256250000000000000e+02,-6.250000000000000000e-02,-6.250000000000000000e-02,7.375000000000000000e+00,-7.243750000000000000e+01,-7.375000000000000000e+00,4.562500000000000000e+00,-6.250000000000000000e-02,-6.250000000000000000e-02,1.000000000000000000e+00
2.658750000000000000e+02,-6.250000000000000000e-02,-6.250000000000000000e-02,4.187500000000000000e+00,-6.250000000000000000e-02,-6.250000000000000000e-02,5.062500000000000000e+00,-6.250000000000000000e-02,-6.250000000000000000e-02,3.258125000000000000e+02,-6.250000000000000000e-02,-6.250000000000000000e-02,6.500000000000000000e+00,-7.218750000000000000e+01,-7.562500000000000000e+00,4.562500000000000000e+00,-6.250000000000000000e-02,-6.250000000000000000e-02,1.000000000000000000e+00
2.658750000000000000e+02,-6.250000000000000000e-02,-6.250000000000000000e-02,3.625000000000000000e+00,-6.250000000000000000e-02,-6.250000000000000000e-02,3.375000000000000000e+00,-6.250000000000000000e-02,-6.250000000000000000e-02,3.258750000000000000e+02,-6.250000000000000000e-02,-6.250000000000000000e-02,4.687500000000000000e+00,-6.250000000000000000e-02,-6.250000000000000000e-02,4.750000000000000000e+00,-6.250000000000000000e-02,-6.250000000000000000e-02,1.000000000000000000e+00
2.658750000000000000e+02,-6.250000000000000000e-02,-6.250000000000000000e-02,2.437500000000000000e+00,-6.250000000000000000e-02,-6.250000000000000000e-02,3.375000000000000000e+00,-6.250000000000000000e-02,-6.250000000000000000e-02,3.259375000000000000e+02,-6.250000000000000000e-02,-6.250000000000000000e-02,3.187500000000000000e+00,-6.250000000000000000e-02,-6.250000000000000000e-02,3.750000000000000000e+00,-6.250000000000000000e-02,-6.250000000000000000e-02,1.000000000000000000e+00
2.658125000000000000e+02,-6.250000000000000000e-02,-6.250000000000000000e-02,-8.125000000000000000e-01,-6.750000000000000000e+00,-6.250000000000000000e-02,3.750000000000000000e+00,-6.250000000000000000e-02,-6.250000000000000000e-02,3.260000000000000000e+02,-6.250000000000000000e-02,-6.250000000000000000e-02,2.562500000000000000e+00,-6.250000000000000000e-02,-6.250000000000000000e-02,3.625000000000000000e+00,-6.250000000000000000e-02,-6.250000000000000000e-02,1.000000000000000000e+00
2.656875000000000000e+02,-6.250000000000000000e-02,-6.250000000000000000e-02,-2.187500000000000000e+00,-4.312500000000000000e+00,-6.250000000000000000e-02,3.750000000000000000e+00,-6.250000000000000000e-02,-6.250000000000000000e-02,3.260625000000000000e+02,-6.250000000000000000e-02,-6.250000000000000000e-02,2.000000000000000000e+00,-6.250000000000000000e-02,-6.250000000000000000e-02,3.187500000000000000e+00,-6.250000000000000000e-02,-6.250000000000000000e-02,1.000000000000000000e+00
2.656250000000000000e+02,-6.250000000000000000e-02,-6.250000000000000000e-02,-2.687500000000000000e+00,-8.381250000000000000e+01,-5.000000000000000000e-01,3.437500000000000000e+00,-6.250000000000000000e-02,-6.250000000000000000e-02,3.260625000000000000e+02,-6.250000000000000000e-02,-6.250000000000000000e-02,4.312500000000000000e+00,-6.250000000000000000e-02,-6.250000000000000000e-02,1.250000000000000000e+00,-6.250000000000000000e-02,-6.250000000000000000e-02,1.000000000000000000e+00
2.656250000000000000e+02,-6.250000000000000000e-02,-6.250000000000000000e-02,-2.687500000000000000e+00,-8.381250000000000000e+01,-5.000000000000000000e-01,3.312500000000000000e+00,-6.250000000000000000e-02,-6.250000000000000000e-02,3.261875000000000000e+02,-6.250000000000000000e-02,-6.250000000000000000e-02,4.312500000000000000e+00,-6.250000000000000000e-02,-6.250000000000000000e-02,1.250000000000000000e+00,-6.250000000000000000e-02,-6.250000000000000000e-02,1.000000000000000000e+00
2.655000000000000000e+02,-6.250000000000000000e-02,-6.250000000000000000e-02,-4.437500000000000000e+00,-6.250000000000000000e-02,-6.250000000000000000e-02,3.312500000000000000e+00,-6.250000000000000000e-02,-6.250000000000000000e-02,3.262500000000000000e+02,-6.250000000000000000e-02,-6.250000000000000000e-02,4.812500000000000000e+00,-1.525000000000000000e+01,-6.250000000000000000e-02,1.250000000000000000e+00,-6.250000000000000000e-02,-6.250000000000000000e-02,1.000000000000000000e+00
2.654375000000000000e+02,-6.250000000000000000e-02,-6.250000000000000000e-02,-4.437500000000000000e+00,-6.250000000000000000e-02,-6.250000000000000000e-02,2.687500000000000000e+00,-6.250000000000000000e-02,-6.250000000000000000e-02,3.263125000000000000e+02,-6.250000000000000000e-02,-6.250000000000000000e-02,3.125000000000000000e+00,-1.337500000000000000e+01,-6.250000000000000000e-02,2.375000000000000000e+00,-6.250000000000000000e-02,-6.250000000000000000e-02,1.000000000000000000e+00
2.653125000000000000e+02,-7.237500000000000000e+01,1.716250000000000000e+02,-3.437500000000000000e+00,-7.187500000000000000e+00,-6.250000000000000000e-02,1.812500000000000000e+00,-6.250000000000000000e-02,-6.250000000000000000e-02,3.263750000000000000e+02,-6.250000000000000000e-02,-6.250000000000000000e-02,3.000000000000000000e+00,-5.993750000000000000e+01,-6.062500000000000000e+00,3.437500000000000000e+00,-6.250000000000000000e-02,-6.250000000000000000e-02,1.000000000000000000e+00
2.653125000000000000e+02,-7.237500000000000000e+01,1.716250000000000000e+02,-3.437500000000000000e+00,-7.187500000000000000e+00,-6.250000000000000000e-02,3.187500000000000000e+00,-6.250000000000000000e-02,-6.250000000000000000e-02,3.263750000000000000e+02,-6.250000000000000000e-02,-6.250000000000000000e-02,3.000000000000000000e+00,-5.993750000000000000e+01,-6.062500000000000000e+00,4.125000000000000000e+00,-6.250000000000000000e-02,-6.250000000000000000e-02,1.000000000000000000e+00
2.652500000000000000e+02,-7.312500000000000000e+01,1.712500000000000000e+02,-2.625000000000000000e+00,-8.206250000000000000e+01,-1.812500000000000000e+00,3.187500000000000000e+00,-6.250000000000000000e-02,-6.250000000000000000e-02,3.263750000000000000e+02,-6.250000000000000000e-02,-6.250000000000000000e-02,1.437500000000000000e+00,-5.806250000000000000e+01,-5.625000000000000000e+00,4.125000000000000000e+00,-6.250000000000000000e-02,-6.250000000000000000e-02,1.000000000000000000e+00
2.651875000000000000e+02,-7.387500000000000000e+01,1.707500000000000000e+02,-3.125000000000000000e+00,-1.481250000000000000e+01,-6.250000000000000000e-02,3.687500000000000000e+00,-6.250000000000000000e-02,-6.250000000000000000e-02,3.264375000000000000e+02,-6.250000000000000000e-02,-6.250000000000000000e-02,-1.875000000000000000e-01,-7.312500000000000000e+00,-6.250000000000000000e-02,4.375000000000000000e+00,-6.250000000000000000e-02,-6.250000000000000000e-02,1.000000000000000000e+00
2.651250000000000000e+02,-7.462500000000000000e+01,1.703125000000000000e+02,-4.812500000000000000e+00,-6.250000000000000000e-02,-6.250000000000000000e-02,4.000000000000000000e+00,-6.250000000000000000e-02,-6.250000000000000000e-02,3.264375000000000000e+02,-6.250000000000000000e-02,-6.250000000000000000e-02,7.500000000000000000e-01,-6.250000000000000000e-02,-6.250000000000000000e-02,3.937500000000000000e+00,-6.250000000000000000e-02,-6.250000000000000000e-02,1.000000000000000000e+00
2.650000000000000000e+02,-7.537500000000000000e+01,1.697500000000000000e+02,-6.437500000000000000e+00,-6.250000000000000000e-02,-6.250000000000000000e-02,3.250000000000000000e+00,-6.250000000000000000e-02,-6.250000000000000000e-02,3.264375000000000000e+02,-6.250000000000000000e-02,-6.250000000000000000e-02,7.500000000000000000e-01,-6.250000000000000000e-02,-6.250000000000000000e-02,1.875000000000000000e+00,-6.250000000000000000e-02,-6.250000000000000000e-02,1.000000000000000000e+00
2.650000000000000000e+02,-7.537500000000000000e+01,1.697500000000000000e+02,-6.437500000000000000e+00,-6.250000000000000000e-02,-6.250000000000000000e-02,2.500000000000000000e+00,-6.250000000000000000e-02,-6.250000000000000000e-02,3.265000000000000000e+02,-7.212500000000000000e+01,1.699375000000000000e+02,1.562500000000000000e+00,-6.250000000000000000e-02,-6.250000000000000000e-02,2.437500000000000000e+00,-6.250000000000000000e-02,-6.250000000000000000e-02,1.000000000000000000e+00
2.649375000000000000e+02,-1.212500000000000000e+01,-6.250000000000000000e-02,-7.500000000000000000e+00,-6.250000000000000000e-02,-6.250000000000000000e-02,2.500000000000000000e+00,-6.250000000000000000e-02,-6.250000000000000000e-02,3.265625000000000000e+02,-7.256250000000000000e+01,1.694375000000000000e+02,-7.500000000000000000e-01,-5.068750000000000000e+01,-3.500000000000000000e+00,2.437500000000000000e+00,-6.250000000000000000e-02,-6.250000000000000000e-02,1.000000000000000000e+00
2.648125000000000000e+02,-1.275000000000000000e+01,-6.250000000000000000e-02,-7.750000000000000000e+00,-6.250000000000000000e-02,-6.250000000000000000e-02,2.312500000000000000e+00,-6.250000000000000000e-02,-6.250000000000000000e-02,3.265000000000000000e+02,-7.306250000000000000e+01,1.691250000000000000e+02,-3.875000000000000000e+00,-4.900000000000000000e+01,-3.062500000000000000e+00,1.312500000000000000e+00,-6.250000000000000000e-02,-6.250000000000000000e-02,1.000000000000000000e+00
2.646875000000000000e+02,-1.343750000000000000e+01,-6.250000000000000000e-02,-9.500000000000000000e+00,-5.562500000000000000e+00,-6.250000000000000000e-02,1.687500000000000000e+00,-6.250000000000000000e-02,-6.250000000000000000e-02,3.263750000000000000e+02,-7.343750000000000000e+01,1.688125000000000000e+02,-6.375000000000000000e+00,-6.250000000000000000e-02,-6.250000000000000000e-02,7.500000000000000000e-01,-6.250000000000000000e-02,-6.250000000000000000e-02,1.000000000000000000e+00
2.645000000000000000e+02,-1.406250000000000000e+01,-6.250000000000000000e-02,-1.143750000000000000e+01,-4.937500000000000000e+00,-6.250000000000000000e-02,1.437500000000000000e+00,-6.250000000000000000e-02,-6.250000000000000000e-02,3.262500000000000000e+02,-7.387500000000000000e+01,1.685625000000000000e+02,-8.062500000000000000e+00,-1.206250000000000000e+01,-6.250000000000000000e-02,2.562500000000000000e+00,-6.250000000000000000e-02,-6.250000000000000000e-02,1.000000000000000000e+00
2.643125000000000000e+02,-1.475000000000000000e+01,-6.250000000000000000e-02,-1.193750000000000000e+01,-6.750000000000000000e+00,-6.250000000000000000e-02,1.312500000000000000e+00,-6.250000000000000000e-02,-6.250000000000000000e-02,3.262500000000000000e+02,-7.387500000000000000e+01,1.685625000000000000e+02,-7.000000000000000000e+00,-6.250000000000000000e-02,-6.250000000000000000e-02,2.875000000000000000e+00,-6.250000000000000000e-02,-6.250000000000000000e-02,1.000000000000000000e+00
2.643125000000000000e+02,-1.475000000000000000e+01,-6.250000000000000000e-02,-1.193750000000000000e+01,-6.750000000000000000e+00,-6.250000000000000000e-02,1.187500000000000000e+00,-6.250000000000000000e-02,-6.250000000000000000e-02,3.261875000000000000e+02,-7.431250000000000000e+01,1.682500000000000000e+02,-7.000000000000000000e+00,-6.250000000000000000e-02,-6.250000000000000000e-02,-2.044000000000000000e+03,-6.250000000000000000e-02,-6.250000000000000000e-02,1.000000000000000000e+00
2.641875000000000000e+02,-1.537500000000000000e+01,-6.250000000000000000e-02,-1.231250000000000000e+01,-6.250000000000000000e-02,-6.250000000000000000e-02,1.187500000000000000e+00,-6.250000000000000000e-02,-6.250000000000000000e-02,3.261250000000000000e+02,-7.468750000000000000e+01,1.678750000000000000e+02,-5.000000000000000000e+00,-6.250000000000000000e-02,-6.250000000000000000e-02,4.000000000000000000e+00,-6.250000000000000000e-02,-6.250000000000000000e-02,1.000000000000000000e+00
2.640000000000000000e+02,-1.593750000000000000e+01,-6.250000000000000000e-02,-1.300000000000000000e+01,-6.250000000000000000e-02,-6.250000000000000000e-02,2.500000000000000000e+00,-6.250000000000000000e-02,-6.250000000000000000e-02,3.260625000000000000e+02,-7.512500000000000000e+01,1.675000000000000000e+02,-3.062500000000000000e+00,-1.381250000000000000e+01,-6.250000000000000000e-02,3.375000000000000000e+00,-6.250000000000000000e-02,-6.250000000000000000e-02,1.000000000000000000e+00
2.638125000000000000e+02,-6.250000000000000000e-02,-6.250000000000000000e-02,-1.287500000000000000e+01,-6.250000000000000000e-02,-6.250000000000000000e-02,2.437500000000000000e+00,-6.250000000000000000e-02,-6.250000000000000000e-02,3.260000000000000000e+02,-7.556250000000000000e+01,1.670625000000000000e+02,-2.375000000000000000e+00,-4.393750000000000000e+01,-1.875000000000000000e+00,1.250000000000000000e+00,-6.250000000000000000e-02,-6.250000000000000000e-02,1.000000000000000000e+00
2.636875000000000000e+02,-6.250000000000000000e-02,-6.250000000000000000e-02,-1.062500000000000000e+01,-1.375000000000000000e+01,-6.250000000000000000e-02,1.812500000000000000e+00,-6.250000000000000000e-02,-6.250000000000000000e-02,3.260000000000000000e+02,-7.556250000000000000e+01,1.670625000000000000e+02,-4.062500000000000000e+00,-6.250000000000000000e-02,-6.250000000000000000e-02,6.250000000000000000e-01,-6.250000000000000000e-02,-6.250000000000000000e-02,1.000000000000000000e+00
2.636875000000000000e+02,-6.250000000000000000e-02,-6.250000000000000000e-02,-1.062500000000000000e+01,-1.375000000000000000e+01,-6.250000000000000000e-02,5.000000000000000000e-01,-6.250000000000000000e-02,-6.250000000000000000e-02,3.259375000000000000e+02,-7.593750000000000000e+01,1.667500000000000000e+02,-4.062500000000000000e+00,-6.250000000000000000e-02,-6.250000000000000000e-02,6.250000000000000000e-01,-6.250000000000000000e-02,-6.250000000000000000e-02,1.000000000000000000e+00
2.635625000000000000e+02,-6.250000000000000000e-02,-6.250000000000000000e-02,-9.750000000000000000e+00,-1.431250000000000000e+01,-6.250000000000000000e-02,5.000000000000000000e-01,-6.250000000000000000e-02,-6.250000000000000000e-02,3.258750000000000000e+02,-1.225000000000000000e+01,-6.250000000000000000e-02,-4.437500000000000000e+00,-6.250000000000000000e-02,-6.250000000000000000e-02,-3.062500000000000000e+00,-6.875000000000000000e-01,-4.750000000000000000e+00,1.000000000000000000e+00
2.634375000000000000e+02,-6.250000000000000000e-02,-6.250000000000000000e-02,-1.237500000000000000e+01,-6.250000000000000000e-02,-6.250000000000000000e-02,-2.937500000000000000e+00,-1.687500000000000000e+00,-8.750000000000000000e-01,3.258125000000000000e+02,-1.250000000000000000e+01,-6.250000000000000000e-02,-3.750000000000000000e+00,-1.325000000000000000e+01,-6.250000000000000000e-02,-3.062500000000000000e+00,-6.875000000000000000e-01,-4.750000000000000000e+00,1.000000000000000000e+00
2.632500000000000000e+02,-6.250000000000000000e-02,-6.250000000000000000e-02,-1.531250000000000000e+01,-6.250000000000000000e-02,-6.250000000000000000e-02,-4.125000000000000000e+00,-6.250000000000000000e-02,-6.250000000000000000e-02,3.258125000000000000e+02,-1.275000000000000000e+01,-6.250000000000000000e-02,-3.125000000000000000e+00,-1.256250000000000000e+01,-6.250000000000000000e-02,-3.562500000000000000e+00,-3.125000000000000000e-01,-4.500000000000000000e+00,1.000000000000000000e+00
2.630625000000000000e+02,-6.250000000000000000e-02,-6.250000000000000000e-02,-1.581250000000000000e+01,-6.250000000000000000e-02,-6.250000000000000000e-02,-5.312500000000000000e+00,-6.250000000000000000e-02,-6.250000000000000000e-02,3.257500000000000000e+02,-1.306250000000000000e+01,-6.250000000000000000e-02,-2.937500000000000000e+00,-1.325000000000000000e+01,-6.250000000000000000e-02,-3.812500000000000000e+00,3.125000000000000000e-01,-6.250000000000000000e-02,1.000000000000000000e+00
2.630625000000000000e+02,-6.250000000000000000e-02,-6.250000000000000000e-02,-1.481250000000000000e+01,-6.250000000000000000e-02,-6.250000000000000000e-02,-5.312500000000000000e+00,-6.250000000000000000e-02,-6.250000000000000000e-02,3.257500000000000000e+02,-1.306250000000000000e+01,-6.250000000000000000e-02,-2.937500000000000000e+00,-1.325000000000000000e+01,-6.250000000000000000e-02,-3.500000000000000000e+00,1.043750000000000000e+01,-6.250000000000000000e-02,1.000000000000000000e+00
2.629375000000000000e+02,-6.250000000000000000e-02,-6.250000000000000000e-02,-1.481250000000000000e+01,-6.250000000000000000e-02,-6.250000000000000000e-02,-5.312500000000000000e+00,-6.250000000000000000e-02,-6.250000000000000000e-02,3.257500000000000000e+02,-1.331250000000000000e+01,-6.250000000000000000e-02,-6.250000000000000000e-01,-1.218750000000000000e+01,-6.250000000000000000e-02,-3.500000000000000000e+00,2.437500000000000000e+00,-6.250000000000000000e-02,1.000000000000000000e+00
2.627500000000000000e+02,-6.250000000000000000e-02,-6.250000000000000000e-02,-1.443750000000000000e+01,-6.250000000000000000e-02,-6.250000000000000000e-02,-4.562500000000000000e+00,-6.250000000000000000e-02,-6.250000000000000000e-02,3.257500000000000000e+02,-1.356250000000000000e+01,-6.250000000000000000e-02,2.187500000000000000e+00,-2.562500000000000000e+01,8.125000000000000000e-01,-2.000000000000000000e+00,1.062500000000000000e+00,-6.250000000000000000e-02,1.000000000000000000e+00
2.626250000000000000e+02,-6.250000000000000000e-02,-6.250000000000000000e-02,-1.350000000000000000e+01,-6.250000000000000000e-02,-6.250000000000000000e-02,-4.375000000000000000e+00,-6.250000000000000000e-02,-6.250000000000000000e-02,3.257500000000000000e+02,-1.375000000000000000e+01,-6.250000000000000000e-02,2.625000000000000000e+00,-6.250000000000000000e-02,-6.250000000000000000e-02,-2.500000000000000000e+00,2.375000000000000000e+00,-6.250000000000000000e-02,1.000000000000000000e+00
2.625000000000000000e+02,-6.250000000000000000e-02,-6.250000000000000000e-02,-1.193750000000000000e+01,-4.106250000000000000e+01,-1.437500000000000000e+00,-4.125000000000000000e+00,-6.250000000000000000e-02,-6.250000000000000000e-02,3.258125000000000000e+02,-1.393750000000000000e+01,-6.250000000000000000e-02,1.500000000000000000e+00,-6.250000000000000000e-02,-6.250000000000000000e-02,-3.625000000000000000e+00,2.062500000000000000e+00,-6.250000000000000000e-02,1.000000000000000000e+00
2.623750000000000000e+02,-6.250000000000000000e-02,-6.250000000000000000e-02,-9.500000000000000000e+00,-7.250000000000000000e+00,-6.250000000000000000e-02,-3.875000000000000000e+00,4.500000000000000000e+00,-6.250000000000000000e-02,3.258125000000000000e+02,-1.412500000000000000e+01,-6.250000000000000000e-02,6.250000000000000000e-02,-6.250000000000000000e-02,-6.250000000000000000e-02,-4.000000000000000000e+00,2.250000000000000000e+00,-6.250000000000000000e-02,1.000000000000000000e+00
2.623750000000000000e+02,-8.062500000000000000e+00,-6.250000000000000000e-02,-6.000000000000000000e+00,-6.250000000000000000e-02,-6.250000000000000000e-02,-4.687500000000000000e+00,-6.250000000000000000e-02,-6.250000000000000000e-02,3.258125000000000000e+02,-1.412500000000000000e+01,-6.250000000000000000e-02,6.250000000000000000e-02,-6.250000000000000000e-02,-6.250000000000000000e-02,-2.250000000000000000e+00,1.312500000000000000e+00,-6.250000000000000000e-02,1.000000000000000000e+00
2.623125000000000000e+02,-6.250000000000000000e-02,-6.250000000000000000e-02,-6.000000000000000000e+00,-6.250000000000000000e-02,-6.250000000000000000e-02,-4.687500000000000000e+00,-6.250000000000000000e-02,-6.250000000000000000e-02,3.258125000000000000e+02,-1.431250000000000000e+01,-6.250000000000000000e-02,-5.625000000000000000e-01,-1.768750000000000000e+01,-1.812500000000000000e+00,-2.250000000000000000e+00,1.312500000000000000e+00,-6.250000000000000000e-02,1.000000000000000000e+00
2.622500000000000000e+02,-6.250000000000000000e-02,-6.250000000000000000e-02,-7.062500000000000000e+00,-6.250000000000000000e-02,-6.250000000000000000e-02,-5.312500000000000000e+00,-6.250000000000000000e-02,-6.250000000000000000e-02,3.257500000000000000e+02,-1.437500000000000000e+01,-6.250000000000000000e-02,-6.250000000000000000e-01,-1.912500000000000000e+01,-8.125000000000000000e-01,-2.250000000000000000e+00,1.875000000000000000e-01,-6.250000000000000000e-02,1.000000000000000000e+00
2.621250000000000000e+02,-6.250000000000000000e-02,-6.250000000000000000e-02,-1.137500000000000000e+01,-4.106250000000000000e+01,-6.875000000000000000e-01,-5.437500000000000000e+00,-6.250000000000000000e-02,-6.250000000000000000e-02,3.256875000000000000e+02,-1.456250000000000000e+01,-6.250000000000000000e-02,-1.937500000000000000e+00,-5.000000000000000000e+00,-6.250000000000000000e-02,-1.625000000000000000e+00,-1.625000000000000000e+00,-4.812500000000000000e+00,1.000000000000000000e+00
2.620000000000000000e+02,-6.250000000000000000e-02,-6.250000000000000000e-02,-9.812500000000000000e+00,-1.406250000000000000e+01,-6.250000000000000000e-02,-4.187500000000000000e+00,-6.250000000000000000e-02,-6.250000000000000000e-02,3.256875000000000000e+02,-1.475000000000000000e+01,-6.250000000000000000e-02,-3.062500000000000000e+00,-6.437500000000000000e+00,-6.250000000000000000e-02,-1.625000000000000000e+00,-2.687500000000000000e+00,-4.062500000000000000e+00,1.000000000000000000e+00
2.619375000000000000e+02,-6.250000000000000000e-02,-6.250000000000000000e-02,-5.125000000000000000e+00,-6.250000000000000000e-02,-6.250000000000000000e-02,-3.500000000000000000e+00,-1.750000000000000000e+00,-1.187500000000000000e+00,3.256250000000000000e+02,-1.493750000000000000e+01,-6.250000000000000000e-02,-3.625000000000000000e+00,-5.375000000000000000e+00,-6.250000000000000000e-02,-2.500000000000000000e-01,-3.187500000000000000e+00,-3.937500000000000000e+00,1.000000000000000000e+00
2.618750000000000000e+02,-6.250000000000000000e-02,-6.250000000000000000e-02,-5.062500000000000000e+00,-6.250000000000000000e-02,-6.250000000000000000e-02,-2.625000000000000000e+00,-2.187500000000000000e+00,-6.250000000000000000e-01,3.256250000000000000e+02,-1.493750000000000000e+01,-6.250000000000000000e-02,-2.125000000000000000e+00,-2.000000000000000000e+01,-5.625000000000000000e-01,5.625000000000000000e-01,-6.250000000000000000e-02,-6.250000000000000000e-02,1.000000000000000000e+00
2.618750000000000000e+02,-6.250000000000000000e-02,-6.250000000000000000e-02,-5.062500000000000000e+00,-6.250000000000000000e-02,-6.250000000000000000e-02,-1.437500000000000000e+00,-3.125000000000000000e+00,-1.500000000000000000e+00,3.255625000000000000e+02,-1.512500000000000000e+01,-6.250000000000000000e-02,-2.125000000000000000e+00,-2.000000000000000000e+01,-5.625000000000000000e-01,6.875000000000000000e-01,-6.250000000000000000e-02,-6.250000000000000000e-02,1.000000000000000000e+00
2.618125000000000000e+02,-6.250000000000000000e-02,-6.250000000000000000e-02,-6.375000000000000000e+00,-6.250000000000000000e-02,-6.250000000000000000e-02,-1.437500000000000000e+00,-3.125000000000000000e+00,-1.500000000000000000e+00,3.255625000000000000e+02,-1.531250000000000000e+01,-6.250000000000000000e-02,-1.875000000000000000e+00,-4.250000000000000000e+00,-6.250000000000000000e-02,3.125000000000000000e-01,-6.250000000000000000e-02,-6.250000000000000000e-02,1.000000000000000000e+00
2.616875000000000000e+02,-6.250000000000000000e-02,-6.250000000000000000e-02,-6.437500000000000000e+00,-6.250000000000000000e-02,-6.250000000000000000e-02,-6.250000000000000000e-01,-3.562500000000000000e+00,-2.062500000000000000e+00,3.255000000000000000e+02,-1.550000000000000000e+01,-6.250000000000000000e-02,-2.562500000000000000e+00,-6.312500000000000000e+00,-6.250000000000000000e-02,3.125000000000000000e-01,-6.250000000000000000e-02,-6.250000000000000000e-02,1.000000000000000000e+00
2.616250000000000000e+02,-6.250000000000000000e-02,-6.250000000000000000e-02,-6.562500000000000000e+00,-6.250000000000000000e-02,-6.250000000000000000e-02,-5.000000000000000000e-01,-4.187500000000000000e+00,-6.250000000000000000e-02,3.254375000000000000e+02,-1.568750000000000000e+01,-6.250000000000000000e-02,-3.375000000000000000e+00,-4.437500000000000000e+00,-6.250000000000000000e-02,-3.125000000000000000e-01,-4.000000000000000000e+00,-3.125000000000000000e+00,1.000000000000000000e+00
2.615625000000000000e+02,-6.250000000000000000e-02,-6.250000000000000000e-02,-6.250000000000000000e+00,-6.250000000000000000e-02,-6.250000000000000000e-02,-2.500000000000000000e-01,-3.687500000000000000e+00,-7.500000000000000000e-01,3.253750000000000000e+02,-1.587500000000000000e+01,-6.250000000000000000e-02,-5.812500000000000000e+00,-6.250000000000000000e-02,-6.250000000000000000e-02,0.000000000000000000e+00,-6.250000000000000000e-02,-6.250000000000000000e-02,1.000000000000000000e+00
2.615000000000000000e+02,-6.250000000000000000e-02,-6.250000000000000000e-02,-8.625000000000000000e+00,-4.125000000000000000e+00,-6.250000000000000000e-02,0.000000000000000000e+00,-6.250000000000000000e-02,-6.250000000000000000e-02,3.252500000000000000e+02,-6.250000000000000000e-02,-6.250000000000000000e-02,-8.937500000000000000e+00,-1.793750000000000000e+01,-1.062500000000000000e+00,-1.125000000000000000e+00,-2.750000000000000000e+00,-1.937500000000000000e+00,1.000000000000000000e+00
2.615000000000000000e+02,-6.250000000000000000e-02,-6.250000000000000000e-02,-1.093750000000000000e+01,-1.906250000000000000e+01,-1.875000000000000000e+00,-1.250000000000000000e-01,-1.687500000000000000e+00,3.125000000000000000e-01,3.252500000000000000e+02,-6.250000000000000000e-02,-6.250000000000000000e-02,-1.125000000000000000e+01,-1.493750000000000000e+01,-6.250000000000000000e-02,-5.000000000000000000e-01,-2.062500000000000000e+00,-1.250000000000000000e+00,1.000000000000000000e+00
2.613750000000000000e+02,-6.250000000000000000e-02,-6.250000000000000000e-02,-1.093750000000000000e+01,-1.906250000000000000e+01,-1.875000000000000000e+00,-3.125000000000000000e-01,-1.187500000000000000e+00,6.250000000000000000e-01,3.251250000000000000e+02,-6.250000000000000000e-02,-6.250000000000000000e-02,-1.125000000000000000e+01,-1.493750000000000000e+01,-6.250000000000000000e-02,-6.250000000000000000e-02,-6.250000000000000000e-01,-1.062500000000000000e+00,1.000000000000000000e+00
2.612500000000000000e+02,-6.250000000000000000e-02,-6.250000000000000000e-02,-1.256250000000000000e+01,-6.250000000000000000e-02,-6.250000000000000000e-02,-3.125000000000000000e-01,-1.187500000000000000e+00,6.250000000000000000e-01,3.250000000000000000e+02,-6.250000000000000000e-02,-6.250000000000000000e-02,-1.218750000000000000e+01,-6.250000000000000000e-02,-6.250000000000000000e-02,-6.250000000000000000e-02,-6.250000000000000000e-01,-1.062500000000000000e+00,1.000000000000000000e+00
2.611250000000000000e+02,-6.250000000000000000e-02,-6.250000000000000000e-02,-1.512500000000000000e+01,-6.250000000000000000e-02,-6.250000000000000000e-02,-6.250000000000000000e-02,-6.250000000000000000e-02,-4.375000000000000000e-01,3.248750000000000000e+02,-6.250000000000000000e-02,-6.250000000000000000e-02,-1.218750000000000000e+01,-6.250000000000000000e-02,-6.250000000000000000e-02,-3.125000000000000000e-01,6.250000000000000000e-02,-6.250000000000000000e-02,1.000000000000000000e+00
2.609375000000000000e+02,-6.250000000000000000e-02,-6.250000000000000000e-02,-1.756250000000000000e+01,-1.781250000000000000e+01,-1.250000000000000000e-01,0.000000000000000000e+00,3.750000000000000000e-01,-6.250000000000000000e-02,3.247500000000000000e+02,-6.250000000000000000e-02,-6.250000000000000000e-02,-1.143750000000000000e+01,-1.587500000000000000e+01,-6.250000000000000000e-02,-4.375000000000000000e-01,9.375000000000000000e-01,-6.250000000000000000e-02,1.000000000000000000e+00
2.607500000000000000e+02,-6.250000000000000000e-02,-6.250000000000000000e-02,-1.862500000000000000e+01,-1.637500000000000000e+01,3.125000000000000000e-01,3.125000000000000000e-01,6.250000000000000000e-01,-6.250000000000000000e-02,3.247500000000000000e+02,-6.250000000000000000e-02,-6.250000000000000000e-02,-1.012500000000000000e+01,-1.481250000000000000e+01,-6.250000000000000000e-02,-3.750000000000000000e-01,1.312500000000000000e+00,-6.250000000000000000e-02,1.000000000000000000e+00
2.607500000000000000e+02,-6.250000000000000000e-02,-6.250000000000000000e-02,-1.862500000000000000e+01,-1.637500000000000000e+01,3.125000000000000000e-01,-1.875000000000000000e-01,2.062500000000000000e+00,7.500000000000000000e-01,3.246875000000000000e+02,-6.250000000000000000e-02,-6.250000000000000000e-02,-1.012500000000000000e+01,-1.481250000000000000e+01,-6.250000000000000000e-02,1.250000000000000000e-01,2.375000000000000000e+00,0.000000000000000000e+00,1.000000000000000000e+00
2.605625000000000000e+02,-6.250000000000000000e-02,-6.250000000000000000e-02,-1.843750000000000000e+01,-1.606250000000000000e+01,-2.500000000000000000e-01,6.250000000000000000e-02,2.125000000000000000e+00,1.687500000000000000e+00,3.246250000000000000e+02,-6.250000000000000000e-02,-6.250000000000000000e-02,-6.875000000000000000e+00,-6.250000000000000000e-02,-6.250000000000000000e-02,-1.250000000000000000e-01,2.375000000000000000e+00,-6.250000000000000000e-02,1.000000000000000000e+00
2.604375000000000000e+02,-6.250000000000000000e-02,-6.250000000000000000e-02,-1.587500000000000000e+01,-6.250000000000000000e-02,-6.250000000000000000e-02,6.250000000000000000e-02,2.125000000000000000e+00,1.687500000000000000e+00,3.245625000000000000e+02,-6.250000000000000000e-02,-6.250000000000000000e-02,-5.250000000000000000e+00,-6.250000000000000000e-02,-6.250000000000000000e-02,-1.250000000000000000e-01,2.375000000000000000e+00,-6.250000000000000000e-02,1.000000000000000000e+00
2.603125000000000000e+02,-6.250000000000000000e-02,-6.250000000000000000e-02,-1.125000000000000000e+01,-1.437500000000000000e+01,-6.250000000000000000e-02,1.250000000000000000e-01,2.312500000000000000e+00,1.937500000000000000e+00,3.245625000000000000e+02,-6.250000000000000000e-02,-6.250000000000000000e-02,-3.437500000000000000e+00,-1.025000000000000000e+01,-2.250000000000000000e+00,-2.500000000000000000e-01,2.062500000000000000e+00,-6.250000000000000000e-02,1.000000000000000000e+00
2.601875000000000000e+02,-6.250000000000000000e-02,-6.250000000000000000e-02,-8.750000000000000000e+00,-1.500000000000000000e+01,-6.250000000000000000e-02,1.875000000000000000e-01,2.312500000000000000e+00,1.625000000000000000e+00,3.245625000000000000e+02,-6.250000000000000000e-02,-6.250000000000000000e-02,-1.062500000000000000e+00,-8.625000000000000000e+00,-1.937500000000000000e+00,-6.875000000000000000e-01,1.250000000000000000e+00,-6.250000000000000000e-02,1.000000000000000000e+00
2.601250000000000000e+02,-6.250000000000000000e-02,-6.250000000000000000e-02,-6.500000000000000000e+00,-6.250000000000000000e-02,-6.250000000000000000e-02,-2.500000000000000000e-01,2.000000000000000000e+00,3.750000000000000000e-01,3.245625000000000000e+02,-6.250000000000000000e-02,-6.250000000000000000e-02,-7.500000000000000000e-01,-7.750000000000000000e+00,-6.250000000000000000e-02,-8.750000000000000000e-01,8.125000000000000000e-01,-6.250000000000000000e-02,1.000000000000000000e+00
2.600625000000000000e+02,-6.250000000000000000e-02,-6.250000000000000000e-02,-4.250000000000000000e+00,-6.250000000000000000e-02,-6.250000000000000000e-02,-5.000000000000000000e-01,1.625000000000000000e+00,-6.250000000000000000e-02,3.245625000000000000e+02,-6.250000000000000000e-02,-6.250000000000000000e-02,-2.500000000000000000e-01,-8.062500000000000000e+00,-7.500000000000000000e-01,-5.625000000000000000e-01,5.625000000000000000e-01,-6.250000000000000000e-02,1.000000000000000000e+00
2.600625000000000000e+02,-6.250000000000000000e-02,-6.250000000000000000e-02,-4.250000000000000000e+00,-6.250000000000000000e-02,-6.250000000000000000e-02,-5.000000000000000000e-01,1.625000000000000000e+00,-6.250000000000000000e-02,3.245625000000000000e+02,-6.250000000000000000e-02,-6.250000000000000000e-02,-2.500000000000000000e-01,-8.062500000000000000e+00,-7.500000000000000000e-01,-6.875000000000000000e-01,3.750000000000000000e-01,-6.250000000000000000e-02,1.000000000000000000e+00
2.600625000000000000e+02,-6.250000000000000000e-02,-6.250000000000000000e-02,-3.187500000000000000e+00,-1.650000000000000000e+01,-1.250000000000000000e-01,-9.375000000000000000e-01,1.312500000000000000e+00,-6.250000000000000000e-02,3.245000000000000000e+02,-6.250000000000000000e-02,-6.250000000000000000e-02,-5.000000000000000000e-01,-8.187500000000000000e+00,-7.500000000000000000e-01,-1.250000000000000000e+00,-2.500000000000000000e-01,-1.875000000000000000e-01,1.000000000000000000e+00
2.600000000000000000e+02,-6.250000000000000000e-02,-6.250000000000000000e-02,-2.437500000000000000e+00,-1.362500000000000000e+01,-6.250000000000000000e-02,-1.250000000000000000e+00,5.000000000000000000e-01,3.125000000000000000e-01,3.245000000000000000e+02,-6.250000000000000000e-02,-6.250000000000000000e-02,-1.312500000000000000e+00,-8.562500000000000000e+00,-5.000000000000000000e-01,-1.250000000000000000e+00,-2.500000000000000000e-01,-1.875000000000000000e-01,1.000000000000000000e+00
2.600000000000000000e+02,-6.250000000000000000e-02,-6.250000000000000000e-02,-6.875000000000000000e-01,-1.106250000000000000e+01,-8.750000000000000000e-01,-1.437500000000000000e+00,1.250000000000000000e-01,5.625000000000000000e-01,3.245000000000000000e+02,-6.250000000000000000e-02,-6.250000000000000000e-02,-1.500000000000000000e+00,-8.625000000000000000e+00,-4.375000000000000000e-01,-1.062500000000000000e+00,-6.250000000000000000e-02,6.250000000000000000e-02,1.000000000000000000e+00
2.600000000000000000e+02,-6.250000000000000000e-02,-6.250000000000000000e-02,1.187500000000000000e+00,-1.000000000000000000e+01,-9.375000000000000000e-01,-1.250000000000000000e+00,6.250000000000000000e-02,6.875000000000000000e-01,3.245000000000000000e+02,-6.250000000000000000e-02,-6.250000000000000000e-02,-7.500000000000000000e-01,-7.687500000000000000e+00,-6.250000000000000000e-02,0.000000000000000000e+00,-6.250000000000000000e-02,-6.250000000000000000e-02,1.000000000000000000e+00
2.600000000000000000e+02,-6.250000000000000000e-02,-6.250000000000000000e-02,1.187500000000000000e+00,-1.000000000000000000e+01,-9.375000000000000000e-01,-6.875000000000000000e-01,3.750000000000000000e-01,6.875000000000000000e-01,3.245000000000000000e+02,-6.250000000000000000e-02,-6.250000000000000000e-02,6.875000000000000000e-01,-8.375000000000000000e+00,-1.187500000000000000e+00,-3.750000000000000000e-01,-3.750000000000000000e-01,-1.625000000000000000e+00,1.000000000000000000e+00
2.600000000000000000e+02,-6.250000000000000000e-02,-6.250000000000000000e-02,1.250000000000000000e+00,-9.625000000000000000e+00,-1.125000000000000000e+00,0.000000000000000000e+00,8.125000000000000000e-01,1.875000000000000000e-01,3.245000000000000000e+02,-6.250000000000000000e-02,-6.250000000000000000e-02,3.125000000000000000e-01,-8.312500000000000000e+00,-1.687500000000000000e+00,-6.250000000000000000e-02,-6.250000000000000000e-01,-8.125000000000000000e-01,1.000000000000000000e+00
2.600625000000000000e+02,-6.250000000000000000e-02,-6.250000000000000000e-02,-5.000000000000000000e-01,-9.437500000000000000e+00,-1.187500000000000000e+00,0.000000000000000000e+00,8.125000000000000000e-01,1.875000000000000000e-01,3.245000000000000000e+02,-6.250000000000000000e-02,-6.250000000000000000e-02,3.125000000000000000e-01,-8.312500000000000000e+00,-1.687500000000000000e+00,-6.250000000000000000e-02,-6.250000000000000000e-01,-8.125000000000000000e-01,1.000000000000000000e+00
2.600000000000000000e+02,-6.250000000000000000e-02,-6.250000000000000000e-02,-1.500000000000000000e+00,-8.750000000000000000e+00,-1.187500000000000000e+00,-6.250000000000000000e-02,4.375000000000000000e-01,6.250000000000000000e-02,3.245000000000000000e+02,-6.250000000000000000e-02,-6.250000000000000000e-02,-8.125000000000000000e-01,-8.250000000000000000e+00,-2.250000000000000000e+00,6.250000000000000000e-02,-6.250000000000000000e-02,-6.250000000000000000e-02,1.000000000000000000e+00
2.600000000000000000e+02,-6.250000000000000000e-02,-6.250000000000000000e-02,-1.750000000000000000e+00,-7.937500000000000000e+00,-6.250000000000000000e-02,-1.250000000000000000e-01,1.250000000000000000e-01,6.250000000000000000e-02,3.245625000000000000e+02,-6.250000000000000000e-02,-6.250000000000000000e-02,-6.250000000000000000e-01,-7.187500000000000000e+00,-6.250000000000000000e-02,-1.875000000000000000e-01,-1.187500000000000000e+00,-1.000000000000000000e+00,1.000000000000000000e+00
2.600000000000000000e+02,-6.250000000000000000e-02,-6.250000000000000000e-02,-1.937500000000000000e+00,-7.500000000000000000e+00,-6.250000000000000000e-02,-1.875000000000000000e-01,-6.250000000000000000e-02,0.000000000000000000e+00,3.245625000000000000e+02,-6.250000000000000000e-02,-6.250000000000000000e-02,-7.500000000000000000e-01,-6.250000000000000000e+00,-6.250000000000000000e-02,2.500000000000000000e-01,-6.250000000000000000e-02,-6.250000000000000000e-02,1.000000000000000000e+00
2.600000000000000000e+02,-6.250000000000000000e-02,-6.250000000000000000e-02,-1.937500000000000000e+00,-7.500000000000000000e+00,-6.250000000000000000e-02,-1.875000000000000000e-01,-6.250000000000000000e-02,0.000000000000000000e+00,3.245625000000000000e+02,-6.250000000000000000e-02,-6.250000000000000000e-02,-7.500000000000000000e-01,-6.250000000000000000e+00,-6.250000000000000000e-02,2.500000000000000000e-01,-6.250000000000000000e-02,-6.250000000000000000e-02,1.000000000000000000e+00
2.600000000000000000e+02,-6.250000000000000000e-02,-6.250000000000000000e-02,-2.500000000000000000e+00,-7.375000000000000000e+00,-6.250000000000000000e-02,-3.125000000000000000e-01,-1.875000000000000000e-01,2.500000000000000000e-01,3.245625000000000000e+02,-6.250000000000000000e-02,-6.250000000000000000e-02,-8.125000000000000000e-01,-6.437500000000000000e+00,-6.250000000000000000e-02,-5.625000000000000000e-01,-1.500000000000000000e+00,-1.062500000000000000e+00,1.000000000000000000e+00
2.600000000000000000e+02,-6.250000000000000000e-02,-6.250000000000000000e-02,-2.125000000000000000e+00,-7.687500000000000000e+00,-6.250000000000000000e-02,-4.375000000000000000e-01,-2.500000000000000000e-01,1.875000000000000000e-01,3.245625000000000000e+02,-6.250000000000000000e-02,-6.250000000000000000e-02,-1.375000000000000000e+00,-5.812500000000000000e+00,-6.250000000000000000e-02,-5.625000000000000000e-01,-1.500000000000000000e+00,-1.062500000000000000e+00,1.000000000000000000e+00
2.600000000000000000e+02,-6.250000000000000000e-02,-6.250000000000000000e-02,-1.187500000000000000e+00,-7.875000000000000000e+00,-6.250000000000000000e-02,-4.375000000000000000e-01,-5.000000000000000000e-01,0.000000000000000000e+00,3.245625000000000000e+02,-6.250000000000000000e-02,-6.250000000000000000e-02,-2.437500000000000000e+00,-4.937500000000000000e+00,-6.250000000000000000e-02,-2.500000000000000000e-01,-8.125000000000000000e-01,-9.375000000000000000e-01,1.000000000000000000e+00
2.600000000000000000e+02,-6.250000000000000000e-02,-6.250000000000000000e-02,-4.375000000000000000e-01,-7.937500000000000000e+00,-6.250000000000000000e-02,-1.187500000000000000e+00,6.250000000000000000e-02,-6.250000000000000000e-02,3.245625000000000000e+02,-6.250000000000000000e-02,-6.250000000000000000e-02,-3.125000000000000000e+00,-5.687500000000000000e+00,-6.250000000000000000e-02,-8.125000000000000000e-01,-6.250000000000000000e-01,-1.000000000000000000e+00,1.000000000000000000e+00
2.600000000000000000e+02,-6.250000000000000000e-02,-6.250000000000000000e-02,6.250000000000000000e-01,-8.125000000000000000e+00,-1.125000000000000000e+00,-1.250000000000000000e+00,1.875000000000000000e-01,-6.250000000000000000e-02,3.245625000000000000e+02,-6.250000000000000000e-02,-6.250000000000000000e-02,-3.437500000000000000e+00,-6.812500000000000000e+00,-6.250000000000000000e-02,-1.437500000000000000e+00,-2.500000000000000000e-01,-1.312500000000000000e+00,1.000000000000000000e+00
2.600000000000000000e+02,-6.250000000000000000e-02,-6.250000000000000000e-02,6.250000000000000000e-01,-8.125000000000000000e+00,-1.125000000000000000e+00,-1.125000000000000000e+00,4.375000000000000000e-01,-6.250000000000000000e-02,3.245000000000000000e+02,-6.250000000000000000e-02,-6.250000000000000000e-02,-3.437500000000000000e+00,-6.812500000000000000e+00,-6.250000000000000000e-02,-8.125000000000000000e-01,6.250000000000000000e-02,1.250000000000000000e-01,1.000000000000000000e+00
2.600000000000000000e+02,-6.250000000000000000e-02,-6.250000000000000000e-02,6.875000000000000000e-01,-6.250000000000000000e-02,-6.250000000000000000e-02,-1.125000000000000000e+00,4.375000000000000000e-01,-6.250000000000000000e-02,3.245000000000000000e+02,-6.250000000000000000e-02,-6.250000000000000000e-02,-2.812500000000000000e+00,-6.812500000000000000e+00,-6.250000000000000000e-02,0.000000000000000000e+00,2.500000000000000000e-01,-6.250000000000000000e-02,1.000000000000000000e+00
2.600000000000000000e+02,-6.250000000000000000e-02,-6.250000000000000000e-02,-5.000000000000000000e-01,-6.125000000000000000e+00,-6.250000000000000000e-02,-3.125000000000000000e-01,5.000000000000000000e-01,-6.250000000000000000e-02,3.244375000000000000e+02,-6.250000000000000000e-02,-6.250000000000000000e-02,-3.000000000000000000e+00,-7.500000000000000000e+00,-6.250000000000000000e-02,0.000000000000000000e+00,2.500000000000000000e-01,-6.250000000000000000e-02,1.000000000000000000e+00
2.600000000000000000e+02,-6.250000000000000000e-02,-6.250000000000000000e-02,-1.500000000000000000e+00,-5.812500000000000000e+00,-6.250000000000000000e-02,6.250000000000000000e-02,6.875000000000000000e-01,1.875000000000000000e-01,3.244375000000000000e+02,-6.250000000000000000e-02,-6.250000000000000000e-02,-2.687500000000000000e+00,-6.687500000000000000e+00,-6.250000000000000000e-02,4.375000000000000000e-01,4.375000000000000000e-01,-6.250000000000000000e-02,1.000000000000000000e+00
2.600000000000000000e+02,-6.250000000000000000e-02,-6.250000000000000000e-02,-1.500000000000000000e+00,-5.812500000000000000e+00,-6.250000000000000000e-02,2.500000000000000000e-01,7.500000000000000000e-01,9.375000000000000000e-01,3.244375000000000000e+02,-6.250000000000000000e-02,-6.250000000000000000e-02,-1.687500000000000000e+00,-7.437500000000000000e+00,-6.250000000000000000e-02,1.250000000000000000e-01,4.375000000000000000e-01,6.875000000000000000e-01,1.000000000000000000e+00
2.600000000000000000e+02,-6.250000000000000000e-02,-6.250000000000000000e-02,-1.187500000000000000e+00,-6.812500000000000000e+00,-6.250000000000000000e-02,2.500000000000000000e-01,7.500000000000000000e-01,9.375000000000000000e-01,3.243750000000000000e+02,-6.250000000000000000e-02,-6.250000000000000000e-02,-1.687500000000000000e+00,-7.437500000000000000e+00,-6.250000000000000000e-02,1.250000000000000000e-01,4.375000000000000000e-01,6.875000000000000000e-01,1.000000000000000000e+00
2.600000000000000000e+02,-6.250000000000000000e-02,-6.250000000000000000e-02,-5.000000000000000000e-01,-8.000000000000000000e+00,-6.250000000000000000e-02,3.125000000000000000e-01,8.125000000000000000e-01,5.000000000000000000e-01,3.244375000000000000e+02,-6.250000000000000000e-02,-6.250000000000000000e-02,-1.250000000000000000e-01,-6.500000000000000000e+00,-6.250000000000000000e-02,0.000000000000000000e+00,6.250000000000000000e-01,3.125000000000000000e-01,1.000000000000000000e+00
2.600000000000000000e+02,-6.250000000000000000e-02,-6.250000000000000000e-02,1.875000000000000000e-01,-8.500000000000000000e+00,-4.375000000000000000e-01,1.250000000000000000e-01,1.125000000000000000e+00,1.875000000000000000e-01,3.244375000000000000e+02,-6.250000000000000000e-02,-6.250000000000000000e-02,5.000000000000000000e-01,-6.250000000000000000e-02,-6.250000000000000000e-02,-2.500000000000000000e-01,6.250000000000000000e-01,-6.250000000000000000e-02,1.000000000000000000e+00
2.600000000000000000e+02,-6.250000000000000000e-02,-6.250000000000000000e-02,1.312500000000000000e+00,-9.375000000000000000e+00,-5.000000000000000000e-01,0.000000000000000000e+00,1.187500000000000000e+00,0.000000000000000000e+00,3.243750000000000000e+02,-6.250000000000000000e-02,-6.250000000000000000e-02,3.125000000000000000e-01,-6.250000000000000000e-02,-6.250000000000000000e-02,-3.125000000000000000e-01,2.500000000000000000e-01,-6.250000000000000000e-02,1.000000000000000000e+00
2.600000000000000000e+02,-6.250000000000000000e-02,-6.250000000000000000e-02,1.312500000000000000e+00,-9.375000000000000000e+00,-5.000000000000000000e-01,0.000000000000000000e+00,1.187500000000000000e+00,0.000000000000000000e+00,3.243750000000000000e+02,-6.250000000000000000e-02,-6.250000000000000000e-02,3.125000000000000000e-01,-6.250000000000000000e-02,-6.250000000000000000e-02,0.000000000000000000e+00,0.000000000000000000e+00,2.500000000000000000e-01,1.000000000000000000e+00
2.600000000000000000e+02,-6.250000000000000000e-02,-6.250000000000000000e-02,2.875000000000000000e+00,-1.031250000000000000e+01,-5.000000000000000000e-01,-1.875000000000000000e-01,1.250000000000000000e+00,-6.250000000000000000e-02,3.243750000000000000e+02,-6.250000000000000000e-02,-6.250000000000000000e-02,-6.250000000000000000e-02,-6.250000000000000000e+00,-6.250000000000000000e-02,0.000000000000000000e+00,0.000000000000000000e+00,2.500000000000000000e-01,1.000000000000000000e+00
2.600000000000000000e+02,-6.250000000000000000e-02,-6.250000000000000000e-02,3.375000000000000000e+00,-1.031250000000000000e+01,-3.750000000000000000e-01,-3.125000000000000000e-01,4.375000000000000000e-01,-6.250000000000000000e-02,3.243750000000000000e+02,-6.250000000000000000e-02,-6.250000000000000000e-02,-5.625000000000000000e-01,-7.375000000000000000e+00,-6.250000000000000000e-02,3.125000000000000000e-01,-6.250000000000000000e-02,-6.250000000000000000e-02,1.000000000000000000e+00
2.600000000000000000e+02,-6.250000000000000000e-02,-6.250000000000000000e-02,2.000000000000000000e+00,-9.250000000000000000e+00,0.000000000000000000e+00,-1.250000000000000000e-01,3.125000000000000000e-01,-6.250000000000000000e-02,3.243750000000000000e+02,-6.250000000000000000e-02,-6.250000000000000000e-02,-1.000000000000000000e+00,-7.625000000000000000e+00,-6.250000000000000000e-02,4.375000000000000000e-01,-6.250000000000000000e-02,-6.250000000000000000e-02,1.000000000000000000e+00
2.600625000000000000e+02,-6.250000000000000000e-02,-6.250000000000000000e-02,2.000000000000000000e+00,-9.250000000000000000e+00,0.000000000000000000e+00,1.875000000000000000e-01,1.875000000000000000e-01,-6.250000000000000000e-02,3.243750000000000000e+02,-6.250000000000000000e-02,-6.250000000000000000e-02,-1.000000000000000000e+00,-7.625000000000000000e+00,-6.250000000000000000e-02,1.250000000000000000e-01,-6.250000000000000000e-02,-6.250000000000000000e-02,1.000000000000000000e+00
2.600625000000000000e+02,-6.250000000000000000e-02,-6.250000000000000000e-02,1.625000000000000000e+00,-8.812500000000000000e+00,1.250000000000000000e-01,1.875000000000000000e-01,1.875000000000000000e-01,-6.250000000000000000e-02,3.243750000000000000e+02,-6.250000000000000000e-02,-6.250000000000000000e-02,-1.750000000000000000e+00,-8.125000000000000000e+00,0.000000000000000000e+00,-4.375000000000000000e-01,-2.500000000000000000e-01,8.125000000000000000e-01,1.000000000000000000e+00
2.600625000000000000e+02,-6.250000000000000000e-02,-6.250000000000000000e-02,1.250000000000000000e+00,-9.625000000000000000e+00,1.250000000000000000e-01,4.375000000000000000e-01,-6.250000000000000000e-02,-6.250000000000000000e-02,3.243125000000000000e+02,-6.250000000000000000e-02,-6.250000000000000000e-02,-2.000000000000000000e+00,-8.062500000000000000e+00,6.250000000000000000e-02,-4.375000000000000000e-01,-2.500000000000000000e-01,8.125000000000000000e-01,1.000000000000000000e+00
2.600625000000000000e+02,-6.250000000000000000e-02,-6.250000000000000000e-02,5.000000000000000000e-01,-1.018750000000000000e+01,1.875000000000000000e-01,1.250000000000000000e-01,-6.250000000000000000e-02,-6.250000000000000000e-02,3.243125000000000000e+02,-6.250000000000000000e-02,-6.250000000000000000e-02,-2.187500000000000000e+00,-7.437500000000000000e+00,-6.250000000000000000e-02,0.000000000000000000e+00,-6.250000000000000000e-02,-6.250000000000000000e-02,1.000000000000000000e+00
2.600625000000000000e+02,-6.250000000000000000e-02,-6.250000000000000000e-02,5.000000000000000000e-01,-1.018750000000000000e+01,1.875000000000000000e-01,2.500000000000000000e-01,-6.250000000000000000e-02,-6.250000000000000000e-02,3.242500000000000000e+02,-6.250000000000000000e-02,-6.250000000000000000e-02,-2.312500000000000000e+00,-7.625000000000000000e+00,-6.250000000000000000e-02,-1.250000000000000000e-01,-1.875000000000000000e-01,5.000000000000000000e-01,1.000000000000000000e+00
2.600625000000000000e+02,-6.250000000000000000e-02,-6.250000000000000000e-02,5.000000000000000000e-01,-1.018750000000000000e+01,1.875000000000000000e-01,5.625000000000000000e-01,0.000000000000000000e+00,1.875000000000000000e-01,3.242500000000000000e+02,-6.250000000000000000e-02,-6.250000000000000000e-02,-1.687500000000000000e+00,-7.062500000000000000e+00,-6.250000000000000000e-02,-2.500000000000000000e-01,0.000000000000000000e+00,-6.250000000000000000e-02,1.000000000000000000e+00
