2.009575,2.516347,-0.060415,-0.806676,0.272786,0.016818,4.283376,3.538000,0.066861,-0.513476,-0.084108,-1.563160
1.843466,3.942566,-0.061075,-0.944134,0.314696,-0.051311,4.225716,4.373646,0.129672,-0.586791,-0.095522,-1.681114
1.555801,6.305801,-0.062254,-1.044107,0.331689,-0.127066,3.834301,5.540044,0.284861,-0.664048,-0.120580,-1.690858
1.054576,9.744606,-0.062857,-1.087631,0.325225,-0.194809,3.085419,7.236667,0.551653,-0.745129,-0.160477,-1.623796
0.314819,14.139542,-0.062692,-1.071379,0.302174,-0.235090,2.097162,9.581738,0.916762,-0.823557,-0.209599,-1.531398
-0.601681,19.112875,-0.062476,-1.007501,0.269491,-0.234443,1.095333,12.555918,1.335404,-0.886003,-0.256134,-1.458260
-1.565798,24.201005,-0.062412,-0.909895,0.230597,-0.195958,0.310241,16.064186,1.752073,-0.901464,-0.289568,-1.424915
-2.418706,28.985537,-0.062432,-0.780485,0.186958,-0.134600,-0.109990,19.925601,2.114126,-0.826034,-0.301458,-1.402105
-3.033485,33.189824,-0.062631,-0.613039,0.138165,-0.072630,-0.152085,23.871653,2.387032,-0.626301,-0.288125,-1.332773
-3.374401,36.691633,-0.062715,-0.404434,0.084079,-0.029224,0.042026,27.583505,2.566828,-0.287509,-0.253093,-1.178556
-3.482497,39.464221,-0.062543,-0.152588,0.029793,-0.010712,0.267382,30.751819,2.674420,0.187294,-0.204658,-0.941674
-3.411834,41.546001,-0.062557,0.156710,-0.016037,-0.010758,0.389574,33.145847,2.741912,0.768626,-0.151215,-0.653833
-3.204888,43.100039,-0.061277,0.549333,-0.048321,-0.023311,0.380186,34.740270,2.815038,1.408828,-0.102901,-0.370958
-2.888834,44.344373,-0.057629,1.044475,-0.066275,-0.042268,0.281424,35.680397,2.945911,2.067413,-0.068633,-0.144916
-2.479139,45.411596,-0.055715,1.632534,-0.072528,-0.059603,0.172771,36.129071,3.173636,2.712986,-0.050148,-0.001674
-2.022682,46.304797,-0.064087,2.262776,-0.073701,-0.069808,0.079408,36.176029,3.517736,3.310754,-0.044298,0.053590
-1.616137,46.974590,-0.088173,2.854430,-0.075625,-0.075008,-0.098098,35.886891,3.978282,3.828176,-0.049790,0.030392
-1.358689,47.377439,-0.127173,3.327168,-0.079354,-0.077266,-0.532415,35.314448,4.524510,4.233770,-0.064853,-0.033664
-1.367999,47.498128,-0.168827,3.624916,-0.084406,-0.078661,-1.414897,34.514482,5.102596,4.488317,-0.084057,-0.090706
-1.839006,47.316448,-0.182557,3.718860,-0.089725,-0.080329,-2.961600,33.551423,5.662294,4.556885,-0.100537,-0.109695
-2.978284,46.790303,-0.121888,3.613338,-0.091560,-0.078807,-5.301225,32.506469,6.164398,4.429227,-0.105964,-0.086391
-4.872524,45.900804,0.064228,3.356513,-0.081098,-0.064586,-8.325918,31.497813,6.571820,4.120600,-0.087383,-0.034967
-7.442920,44.717285,0.419978,3.032389,-0.041827,-0.032681,-11.698176,30.726355,6.852505,3.677684,-0.028743,0.027104
-10.417908,43.388038,0.956255,2.730250,0.049081,0.023803,-14.932155,30.391302,6.981032,3.183137,0.081616,0.102618
-13.346441,42.086469,1.629209,2.514759,0.210185,0.115112,-17.477814,30.571508,6.933807,2.730858,0.245419,0.203297
-15.742917,40.965984,2.350046,2.405854,0.445710,0.240730,-18.891167,31.197646,6.697504,2.385897,0.447413,0.321036
-17.206451,40.148039,3.012187,2.383400,0.743182,0.384850,-18.952312,32.117363,6.278215,2.169952,0.653202,0.428087
-17.419845,39.727882,3.510375,2.411287,1.070137,0.537633,-17.627326,33.149941,5.697940,2.063074,0.820724,0.505960
-16.255147,39.746713,3.770167,2.455492,1.371609,0.687491,-15.083572,34.144576,5.000498,2.017279,0.916040,0.551978
-13.932786,40.157557,3.780058,2.481642,1.583126,0.816539,-11.766084,35.001555,4.262092,1.978240,0.916903,0.574523
-10.968798,40.850400,3.593023,2.456949,1.649767,0.916833,-8.294031,35.667021,3.573151,1.905015,0.818508,0.585128
-7.976487,41.715316,3.302582,2.363251,1.546162,0.998052,-5.240498,36.148883,3.006709,1.777417,0.641495,0.595445
-5.493366,42.669724,3.014883,2.207353,1.294677,1.070405,-2.992087,36.548980,2.605774,1.603931,0.429325,0.620138
-3.800399,43.677540,2.805009,2.018506,0.963398,1.156119,-1.667903,37.012977,2.384371,1.421169,0.231788,0.684912
-2.853160,44.753090,2.687876,1.839731,0.638274,1.280016,-1.136561,37.660686,2.340977,1.277470,0.091220,0.809802
-2.417085,45.931246,2.635448,1.713276,0.393008,1.435754,-1.145467,38.564692,2.478789,1.208366,0.028808,0.985258
-2.215942,47.230653,2.605377,1.670996,0.270152,1.587976,-1.435219,39.733419,2.804372,1.225074,0.039195,1.176685
-1.987405,48.652172,2.556891,1.730286,0.274405,1.719376,-1.777579,41.097407,3.311387,1.319504,0.100687,1.359354
-1.594514,50.159412,2.474362,1.885885,0.378137,1.831200,-2.031779,42.540380,3.979351,1.474381,0.188149,1.528794
-1.111121,51.669465,2.381905,2.104747,0.536435,1.934572,-2.176615,43.937407,4.757603,1.670313,0.272436,1.683759
-0.740844,53.080671,2.322579,2.339049,0.699009,2.050313,-2.262033,45.177679,5.535200,1.893897,0.326834,1.811052
-0.676298,54.296766,2.334880,2.548498,0.828297,2.201474,-2.330781,46.204965,6.143509,2.139433,0.338584,1.892986
-0.992327,55.241254,2.438438,2.715994,0.917086,2.393670,-2.354098,47.045403,6.418649,2.402305,0.310813,1.911415
-1.556067,55.893664,2.613334,2.854340,0.982168,2.622193,-2.198798,47.768319,6.276533,2.683639,0.255417,1.851540
-2.066509,56.277210,2.800907,3.002498,1.046167,2.864883,-1.714612,48.430807,5.759165,2.993874,0.189879,1.718942
-2.217669,56.393484,2.943754,3.210052,1.127498,3.076213,-0.848380,49.071798,5.008160,3.335494,0.129217,1.544779
-1.845412,56.239045,3.008470,3.508313,1.226893,3.200829,0.316542,49.700697,4.210036,3.688318,0.080868,1.363579
-0.996372,55.888498,2.982674,3.888362,1.322812,3.202331,1.569233,50.282420,3.567790,4.023610,0.050326,1.207258
0.069845,55.513519,2.872153,4.300857,1.384890,3.065670,2.636925,50.755346,3.282905,4.314983,0.042622,1.089312
0.979283,55.341119,2.695940,4.682101,1.382038,2.793750,3.294159,51.073097,3.468141,4.544417,0.049931,0.973544
1.376470,55.604702,2.471319,4.978350,1.283973,2.398890,3.404829,51.226803,4.072225,4.708639,0.053174,0.797687
1.006923,56.444740,2.222652,5.158772,1.086769,1.920989,2.894279,51.250981,4.884562,4.802438,0.037239,0.556104
-0.230498,57.878864,1.993444,5.217565,0.833329,1.444463,1.766260,51.216382,5.629470,4.795958,0.002065,0.324174
-2.219663,59.837225,1.836764,5.173910,0.593259,1.078056,0.156500,51.203903,6.091295,4.663869,-0.037851,0.210027
-4.648145,62.119401,1.804593,5.063431,0.437161,0.916304,-1.713320,51.264523,6.194757,4.415537,-0.059617,0.316980
-7.093250,64.324376,1.948333,4.930614,0.421654,1.022937,-3.619695,51.413118,5.968094,4.083530,-0.045682,0.712046
-9.130516,66.007008,2.292284,4.801641,0.561416,1.394949,-5.351040,51.631298,5.511745,3.709509,0.008978,1.367190
-10.454975,66.887722,2.807276,4.666157,0.820812,1.939721,-6.735825,51.865862,5.006324,3.350984,0.099940,2.154159
-10.944336,66.886258,3.408004,4.494887,1.135717,2.504862,-7.651619,52.016588,4.669094,3.065585,0.214041,2.881059
-10.603236,66.038303,3.967178,4.271861,1.425001,2.925848,-7.974744,51.936828,4.635001,2.891289,0.323920,3.332559
-9.535366,64.454971,4.344862,3.989156,1.601404,3.059308,-7.615643,51.463592,4.893501,2.833627,0.398174,3.362022
-7.971807,62.266460,4.445436,3.638417,1.613405,2.846199,-6.643622,50.480181,5.293697,2.843629,0.419311,2.996329
-6.259944,59.647487,4.255371,3.215663,1.469943,2.350982,-5.299718,48.966180,5.623854,2.816699,0.395877,2.412253
-4.750237,56.851735,3.832256,2.729452,1.218622,1.711846,-3.859861,47.000066,5.741463,2.657506,0.358474,1.815544
-3.689633,54.101052,3.272104,2.205151,0.921181,1.073614,-2.534115,44.707332,5.632927,2.340309,0.340310,1.353389
-3.145527,51.428341,2.682690,1.698867,0.642528,0.562397,-1.442022,42.223943,5.332718,1.917421,0.356685,1.091553
-3.000309,48.747977,2.151784,1.279704,0.432390,0.251122,-0.588366,39.680174,4.877220,1.489169,0.403468,1.011889
-3.038828,45.985561,1.727869,1.000848,0.318813,0.136215,0.098474,37.183719,4.329326,1.166323,0.465363,1.045078
-3.045714,43.074979,1.415725,0.897764,0.310295,0.162618,0.709019,34.774405,3.756404,1.029568,0.523663,1.111604
-2.812149,39.915671,1.178946,0.993412,0.388535,0.254628,1.370543,32.407160,3.179879,1.107806,0.559999,1.144336
-2.188318,36.452067,0.963244,1.273793,0.511725,0.336581,2.203482,30.020525,2.587242,1.376597,0.560425,1.120921
-1.165003,32.763003,0.734847,1.681690,0.641316,0.367108,3.214044,27.637894,1.960837,1.771978,0.518921,1.087688
0.120378,29.105358,0.495868,2.140404,0.757338,0.354199,4.286732,25.387299,1.309228,2.206319,0.445422,1.116513
1.460867,25.846052,0.270235,2.577193,0.854375,0.323189,5.269903,23.437921,0.698182,2.596699,0.364096,1.236874
2.649948,23.253140,0.084436,2.933922,0.934169,0.289408,6.034743,21.883177,0.221437,2.893320,0.296788,1.410194
3.555197,21.321178,-0.044780,3.176546,0.999667,0.260460,6.511553,20.669282,-0.077360,3.092178,0.251395,1.560402
4.147602,19.836315,-0.115541,3.289625,1.049775,0.237346,6.708613,19.620746,-0.217806,3.208302,0.227453,1.618202
4.457002,18.532874,-0.136335,3.267804,1.079709,0.211893,6.671423,18.513343,-0.239098,3.242250,0.221316,1.545831
4.523402,17.156544,-0.120850,3.120520,1.077542,0.176805,6.438686,17.116073,-0.186272,3.173880,0.227485,1.340781
4.416216,15.502138,-0.089838,2.874974,1.024047,0.130134,6.065835,15.255720,-0.113588,2.979428,0.237156,1.031886
4.220387,13.510511,-0.064046,2.564681,0.904624,0.073530,5.621519,12.915335,-0.061622,2.659998,0.237440,0.673381
3.997270,11.313548,-0.053163,2.222808,0.721638,0.013257,5.149575,10.276796,-0.043015,2.270054,0.214112,0.334236
3.777948,9.169213,-0.054892,1.885522,0.496143,-0.038422,4.662929,7.646932,-0.049908,1.895180,0.161553,0.074497
3.560558,7.335580,-0.061082,1.584881,0.264976,-0.070933,4.152091,5.333531,-0.064425,1.595110,0.088239,-0.080558
3.299000,5.934083,-0.064281,1.329532,0.068964,-0.082347,3.597709,3.515860,-0.070552,1.380874,0.015199,-0.144371
2.936749,4.913468,-0.063480,1.098008,-0.062753,-0.079331,3.008873,2.206183,-0.065546,1.234435,-0.030792,-0.147511
2.443323,4.158915,-0.062175,0.858284,-0.114573,-0.071195,2.435469,1.325631,-0.056086,1.120756,-0.025492,-0.120225
1.811007,3.593154,-0.062293,0.588021,-0.078719,-0.065014,1.933733,0.779217,-0.045979,0.988674,0.046438,-0.089786
1.056883,3.178312,-0.062607,0.282614,0.041338,-0.062283,1.540276,0.459715,-0.034182,0.788488,0.190053,-0.071486
0.245778,2.910546,-0.062482,-0.042862,0.230437,-0.061402,1.275166,0.272144,-0.022631,0.492578,0.397498,-0.062111
-0.523622,2.831561,-0.062510,-0.352417,0.470032,-0.061415,1.141160,0.176784,-0.015768,0.113453,0.647855,-0.049995
-1.156150,2.994024,-0.062507,-0.600799,0.738247,-0.062112,1.122198,0.185331,-0.015831,-0.285625,0.907595,-0.028869
-1.579344,3.412459,-0.062379,-0.749610,1.007471,-0.062722,1.190622,0.319051,-0.022635,-0.621187,1.134099,-0.004622
-1.765865,4.049855,-0.062758,-0.785214,1.252158,-0.062668,1.310666,0.581228,-0.034014,-0.850212,1.288637,0.000737
-1.744002,4.812040,-0.062875,-0.732180,1.450193,-0.062530,1.445071,0.937913,-0.046289,-0.981114,1.348509,-0.038321
-1.565961,5.562649,-0.061278,-0.646362,1.573424,-0.062866,1.562505,1.330005,-0.056840,-1.037106,1.304861,-0.131697
-1.285317,6.191864,-0.060428,-0.577425,1.593602,-0.062772,1.632236,1.717368,-0.063930,-1.028988,1.159189,-0.271210
-0.973578,6.662950,-0.064385,-0.548595,1.498576,-0.061268,1.617238,2.094306,-0.066264,-0.962560,0.930886,-0.434709
-0.720018,7.007147,-0.071421,-0.559271,1.297688,-0.059380,1.486400,2.462208,-0.065680,-0.847385,0.659607,-0.584858
-0.602725,7.307681,-0.073185,-0.583786,1.022771,-0.058602,1.230053,2.813743,-0.066075,-0.700705,0.395255,-0.683501
-0.670139,7.664568,-0.060935,-0.571705,0.727321,-0.062417,0.872052,3.131707,-0.068243,-0.537502,0.185656,-0.708429
-0.930121,8.112716,-0.030853,-0.470519,0.467804,-0.075447,0.470475,3.366356,-0.068797,-0.358021,0.060820,-0.660440
-1.341609,8.582844,0.007493,-0.242679,0.284422,-0.097898,0.096300,3.423514,-0.063189,-0.147488,0.021699,-0.563066
-1.830225,8.929214,0.029128,0.123669,0.200314,-0.119140,-0.195707,3.193927,-0.047024,0.107630,0.052152,-0.446193
-2.311401,8.960071,0.006804,0.601776,0.218596,-0.125272,-0.377518,2.585103,-0.020894,0.424352,0.132528,-0.312816
-2.699381,8.469301,-0.079239,1.132150,0.311995,-0.100514,-0.453707,1.536037,0.004128,0.825794,0.238742,-0.125494
-2.934678,7.337489,-0.245475,1.657974,0.435572,-0.021835,-0.456232,0.055573,0.009590,1.327215,0.344633,0.174462
-3.018327,5.614867,-0.497651,2.139876,0.551597,0.134917,-0.421944,-1.747049,-0.025534,1.911238,0.432307,0.630607
-3.005564,3.517676,-0.814290,2.550625,0.642614,0.380512,-0.368133,-3.684845,-0.124719,2.519761,0.493011,1.233054
-2.962482,1.363639,-1.145907,2.883562,0.717139,0.722682,-0.286999,-5.547204,-0.305313,3.065374,0.523053,1.903337
-2.930021,-0.530666,-1.428083,3.150851,0.802687,1.163933,-0.152032,-7.149514,-0.567783,3.469618,0.522325,2.523679
-2.904308,-1.979885,-1.599430,3.362829,0.917616,1.688861,0.061150,-8.392231,-0.896773,3.690626,0.489765,2.967393
-2.844394,-2.973808,-1.627239,3.525533,1.052774,2.261936,0.345583,-9.285084,-1.266402,3.732705,0.421420,3.116815
-2.706451,-3.626360,-1.521166,3.641103,1.180760,2.836283,0.652952,-9.902700,-1.642769,3.639922,0.320434,2.908883
-2.476422,-4.113172,-1.318899,3.696007,1.267843,3.343346,0.911262,-10.332577,-1.991089,3.486530,0.200334,2.376536
-2.175358,-4.616265,-1.072791,3.673634,1.278596,3.712097,1.044165,-10.658802,-2.281618,3.349332,0.075848,1.639144
-1.855503,-5.240364,-0.848967,3.582636,1.190001,3.900932,0.996217,-10.934201,-2.487219,3.286432,-0.038651,0.871095
-1.587825,-5.975825,-0.713074,3.456586,1.004997,3.901980,0.757934,-11.161916,-2.585091,3.321902,-0.123663,0.252976
-1.429987,-6.733721,-0.702020,3.334535,0.755523,3.727501,0.366604,-11.320212,-2.566731,3.437548,-0.156988,-0.098671
-1.386839,-7.401591,-0.811027,3.254807,0.501559,3.431201,-0.109996,-11.393373,-2.441351,3.577816,-0.123003,-0.158254
-1.394967,-7.900202,-0.997645,3.239444,0.314813,3.090836,-0.586734,-11.384109,-2.235384,3.681619,-0.017892,0.041353
-1.337553,-8.232400,-1.201723,3.274947,0.246046,2.767369,-0.977940,-11.328380,-1.993978,3.699516,0.147895,0.421868
-1.084208,-8.468913,-1.374996,3.318706,0.306418,2.486722,-1.216925,-11.289129,-1.774138,3.597449,0.347796,0.857999
-0.545315,-8.690290,-1.499529,3.317812,0.472489,2.246295,-1.264965,-11.312577,-1.628907,3.360754,0.540654,1.217694
0.287006,-8.953954,-1.578956,3.221619,0.693541,2.009586,-1.116752,-11.400859,-1.591354,3.004339,0.678350,1.406035
1.332694,-9.282916,-1.625053,3.003277,0.900678,1.737302,-0.810127,-11.521621,-1.664921,2.565306,0.718995,1.381324
2.447623,-9.660376,-1.649420,2.675509,1.026605,1.418817,-0.415326,-11.621398,-1.819904,2.099368,0.646405,1.170237
3.466529,-10.045924,-1.657226,2.285421,1.027237,1.070345,-0.006627,-11.642744,-1.999688,1.671301,0.483118,0.852973
4.249050,-10.397946,-1.642073,1.894351,0.897365,0.714187,0.347023,-11.553476,-2.143231,1.331101,0.283630,0.511261
4.712310,-10.671712,-1.589807,1.555305,0.677766,0.388196,0.584764,-11.354929,-2.212081,1.088675,0.111752,0.205879
4.853590,-10.831064,-1.485223,1.292511,0.435680,0.132342,0.680612,-11.074376,-2.196776,0.924765,0.018943,-0.014367
4.754634,-10.873851,-1.326770,1.101813,0.232478,-0.032952,0.657282,-10.761968,-2.112989,0.811520,0.030224,-0.129418
4.550763,-10.844278,-1.137694,0.969396,0.108494,-0.112773,0.559402,-10.482738,-1.997469,0.728835,0.138822,-0.159550
4.374747,-10.803236,-0.957751,0.883668,0.083689,-0.128589,0.427171,-10.273735,-1.890518,0.666017,0.311394,-0.139429
4.311953,-10.786395,-0.821263,0.831144,0.153928,-0.113688,0.292823,-10.118990,-1.806799,0.620314,0.498970,-0.099341
4.376032,-10.757606,-0.739620,0.794531,0.293419,-0.092917,0.171273,-9.938873,-1.728761,0.582540,0.652570,-0.066112
4.512309,-10.609418,-0.694732,0.757177,0.464358,-0.075660,0.058804,-9.615299,-1.625103,0.542726,0.742652,-0.053892
4.629376,-10.207538,-0.652660,0.713505,0.627685,-0.063559,-0.050685,-9.057800,-1.475674,0.503146,0.768773,-0.060762
4.617631,-9.440272,-0.588506,0.675483,0.759217,-0.059256,-0.176199,-8.258459,-1.288928,0.476375,0.751311,-0.077965
4.350929,-8.236025,-0.504190,0.663671,0.862086,-0.060392,-0.366837,-7.278330,-1.096647,0.466721,0.719106,-0.089179
3.730811,-6.616797,-0.431713,0.693357,0.947483,-0.061939,-0.658608,-6.268957,-0.925052,0.482105,0.694656,-0.072944
2.748665,-4.738613,-0.420007,0.781964,1.018002,-0.062608,-1.032034,-5.479830,-0.789816,0.550382,0.681740,-0.019477
1.498251,-2.882667,-0.502381,0.959173,1.076449,-0.063001,-1.435108,-5.194312,-0.714228,0.722996,0.668343,0.067934
0.147907,-1.370903,-0.669828,1.248203,1.129506,-0.059891,-1.807596,-5.605535,-0.726635,1.044600,0.641722,0.185840
-1.101127,-0.459136,-0.877903,1.633945,1.176571,-0.048235,-2.080803,-6.751195,-0.836081,1.517639,0.591985,0.322604
-2.076718,-0.243448,-1.068506,2.051258,1.208339,-0.025916,-2.204180,-8.454974,-1.019192,2.074912,0.513655,0.449814
-2.682266,-0.665512,-1.187896,2.398483,1.202430,0.001118,-2.169491,-10.372696,-1.231760,2.598299,0.410557,0.533531
-2.900643,-1.578192,-1.211792,2.578834,1.123493,0.021472,-2.005414,-12.147989,-1.438663,2.968463,0.293241,0.546135
-2.798695,-2.807163,-1.154570,2.546108,0.949126,0.028676,-1.789510,-13.524912,-1.620397,3.110392,0.170994,0.471866
-2.533273,-4.157637,-1.058811,2.306908,0.689094,0.015781,-1.645209,-14.329165,-1.745532,2.990972,0.053468,0.315664
-2.291738,-5.443405,-0.986143,1.889721,0.363688,-0.043698,-1.666493,-14.537187,-1.763678,2.609642,-0.053574,0.094718
-2.201174,-6.513095,-0.990164,1.336841,-0.008269,-0.201046,-1.861469,-14.288456,-1.638692,1.998856,-0.154526,-0.171121
-2.290151,-7.265447,-1.068872,0.713075,-0.394026,-0.504579,-2.178978,-13.784475,-1.381920,1.232693,-0.255719,-0.453954
-2.505432,-7.640542,-1.162825,0.091855,-0.746558,-0.970404,-2.545501,-13.180868,-1.059662,0.407482,-0.350633,-0.716149
-2.751783,-7.608855,-1.200205,-0.466740,-1.014822,-1.566284,-2.884686,-12.563228,-0.764989,-0.385957,-0.420561,-0.923876
-2.941293,-7.162740,-1.133889,-0.927441,-1.149315,-2.214110,-3.139750,-11.891256,-0.554995,-1.085779,-0.443041,-1.046311
-3.021300,-6.355535,-0.952900,-1.280020,-1.123831,-2.804873,-3.274279,-11.059285,-0.426702,-1.657541,-0.401910,-1.061297
-2.972622,-5.339180,-0.685582,-1.520262,-0.949665,-3.221230,-3.265688,-10.037002,-0.356709,-2.072913,-0.295066,-0.966825
-2.802375,-4.346837,-0.371616,-1.626355,-0.654158,-3.352698,-3.126217,-8.919399,-0.323397,-2.287582,-0.134756,-0.781210
-2.542235,-3.608439,-0.042747,-1.575519,-0.267861,-3.137402,-2.908323,-7.836396,-0.290897,-2.265509,0.058454,-0.532116
-2.228818,-3.300222,0.259527,-1.376677,0.163203,-2.607601,-2.672057,-6.945645,-0.226011,-2.014284,0.259549,-0.258725
-1.879851,-3.519103,0.481256,-1.070399,0.580953,-1.889901,-2.468389,-6.402048,-0.123612,-1.585604,0.440884,0.004159
-1.496817,-4.238882,0.593349,-0.705090,0.938930,-1.147247,-2.340275,-6.304866,-0.004611,-1.047607,0.575868,0.236730
-1.084885,-5.328340,0.601069,-0.326203,1.208761,-0.520591,-2.309176,-6.661210,0.089287,-0.470105,0.646377,0.422391
-0.660424,-6.640773,0.530700,0.029208,1.377811,-0.091106,-2.364473,-7.388208,0.109125,0.081963,0.649704,0.536011
-0.248292,-8.044598,0.414831,0.331380,1.445649,0.124495,-2.464512,-8.315047,0.040423,0.549185,0.595632,0.566550
0.124372,-9.416289,0.280350,0.554281,1.412664,0.160139,-2.541541,-9.259821,-0.089804,0.881460,0.499357,0.521863
0.432739,-10.650131,0.139966,0.682212,1.274477,0.078563,-2.530660,-10.087272,-0.243880,1.054539,0.379584,0.427092
0.657271,-11.636108,0.006860,0.728200,1.041855,-0.035733,-2.414915,-10.774159,-0.382991,1.091483,0.257576,0.311657
0.785048,-12.258869,-0.100336,0.729938,0.751408,-0.102141,-2.237910,-11.428661,-0.463521,1.052585,0.152472,0.201929
0.818788,-12.512444,-0.167146,0.731427,0.457394,-0.084993,-2.077056,-12.264474,-0.458847,1.005534,0.081376,0.117664
0.781275,-12.565475,-0.186165,0.773566,0.218643,-0.010954,-2.010856,-13.500238,-0.369274,1.011222,0.055255,0.093348
0.703087,-12.648915,-0.145974,0.892654,0.087750,0.067222,-2.089562,-15.273849,-0.210222,1.121410,0.070709,0.165078
0.616694,-12.993997,-0.031863,1.106875,0.094312,0.116434,-2.306841,-17.534250,-0.009551,1.362563,0.113510,0.343726
0.569112,-13.825457,0.167006,1.406557,0.237462,0.147325,-2.594982,-20.022795,0.193242,1.720543,0.170296,0.599418
0.617168,-15.225167,0.439260,1.753029,0.482999,0.203509,-2.847782,-22.339464,0.359383,2.142159,0.228732,0.892392
0.801353,-17.029084,0.738944,2.087355,0.765135,0.336179,-2.958384,-24.023605,0.455740,2.553560,0.276396,1.181705
1.116795,-18.863328,0.993609,2.349528,0.999052,0.572784,-2.861442,-24.616881,0.460374,2.888193,0.303100,1.420098
1.502021,-20.214776,1.130551,2.507302,1.113966,0.908382,-2.566628,-23.883455,0.380233,3.113600,0.300178,1.538484
1.859299,-20.617097,1.106689,2.566066,1.078542,1.308818,-2.157534,-21.967942,0.254516,3.236860,0.262144,1.478018
2.101400,-19.934193,0.931680,2.556586,0.910643,1.705323,-1.754845,-19.406382,0.131269,3.288679,0.195414,1.229871
2.185720,-18.435983,0.661593,2.519872,0.671656,1.998658,-1.472146,-16.951935,0.047759,3.307172,0.116197,0.864766
2.118418,-16.617535,0.367879,2.496580,0.444897,2.113425,-1.385526,-15.289869,0.025960,3.328379,0.040598,0.505230
1.942530,-15.017727,0.111332,2.510093,0.303869,2.051995,-1.511847,-14.833737,0.064052,3.370661,-0.018395,0.271766
1.726470,-14.016932,-0.067118,2.556798,0.291467,1.897181,-1.802746,-15.826575,0.124085,3.427546,-0.051087,0.227338
1.537145,-13.593002,-0.152603,2.611262,0.401108,1.764339,-2.163059,-18.321306,0.140853,3.477202,-0.055365,0.379293
1.408856,-13.442632,-0.156474,2.641693,0.575031,1.744247,-2.488234,-21.997070,0.050711,3.497226,-0.036345,0.676240
1.329299,-13.360115,-0.106984,2.627249,0.734258,1.857046,-2.706275,-26.135918,-0.175370,3.475796,-0.005181,1.008911
1.264458,-13.376557,-0.043343,2.572550,0.819119,2.052991,-2.795016,-29.834513,-0.506725,3.421311,0.022101,1.243396
1.207068,-13.694043,-0.004908,2.506336,0.807990,2.257552,-2.766438,-32.204650,-0.856409,3.357560,0.032565,1.287235
1.208609,-14.573973,-0.016226,2.462850,0.721691,2.417000,-2.636597,-32.767881,-1.139146,3.309566,0.024732,1.119348
1.371999,-16.170039,-0.082957,2.465141,0.612378,2.511497,-2.405888,-31.696531,-1.330408,3.295145,0.004947,0.790847
1.815771,-18.482699,-0.199605,2.522992,0.533043,2.562653,-2.058814,-29.591347,-1.473238,3.326095,-0.019675,0.396447
2.605814,-21.415017,-0.350029,2.634320,0.510686,2.628251,-1.594392,-27.234837,-1.651087,3.405893,-0.044844,0.026527
3.705453,-24.665457,-0.504139,2.784062,0.545603,2.773180,-1.048771,-25.648594,-1.966399,3.529932,-0.069855,-0.256346
4.980306,-27.687724,-0.617803,2.948741,0.615230,3.028157,-0.489427,-25.747936,-2.487950,3.684922,-0.094447,-0.399201
6.238821,-30.163284,-0.643262,3.105879,0.686933,3.367443,-0.002874,-27.732535,-3.183904,3.848881,-0.112406,-0.363428
7.284265,-32.479781,-0.542977,3.238968,0.746086,3.711527,0.307026,-30.869913,-3.898053,3.994131,-0.111945,-0.138005
7.987158,-35.460562,-0.308663,3.338072,0.808369,3.962041,0.362810,-33.761430,-4.397589,4.096834,-0.080193,0.283032
8.336522,-39.720158,0.031666,3.400064,0.901058,4.049562,0.165799,-34.869075,-4.461904,4.139492,-0.006643,0.893738
8.427436,-45.136004,0.421554,3.421485,1.040710,3.962456,-0.197691,-33.386987,-4.005776,4.111484,0.111889,1.639840
8.405265,-50.684822,0.792207,3.393280,1.218059,3.743430,-0.595149,-29.722941,-3.145208,4.008795,0.263287,2.405134
8.410619,-54.922527,1.079667,3.308413,1.395861,3.467980,-0.895157,-25.125218,-2.139292,3.834784,0.419957,3.039864
8.517589,-56.667771,1.239189,3.166971,1.526339,3.218634,-1.032989,-21.008012,-1.260467,3.596785,0.547138,3.402056
8.710027,-55.153944,1.246470,2.967609,1.574791,3.065072,-1.024012,-18.607377,-0.715790,3.302800,0.612538,3.423476
8.924595,-50.124553,1.106438,2.705941,1.526005,3.045209,-0.911939,-18.618292,-0.601554,2.954936,0.594922,3.138124
9.102520,-42.246814,0.863184,2.383878,1.387678,3.145775,-0.728767,-20.793888,-0.863544,2.555023,0.497041,2.651214
9.210400,-33.148621,0.584197,2.014697,1.198021,3.310557,-0.505410,-23.946256,-1.303995,2.116550,0.351229,2.093229
9.259127,-24.677810,0.325077,1.620722,1.015538,3.468097,-0.261411,-26.518429,-1.676991,1.669207,0.207531,1.617767
9.306204,-18.134658,0.111915,1.228754,0.889618,3.548319,0.007295,-27.266155,-1.793828,1.247134,0.111473,1.361793
9.422199,-13.873738,-0.056185,0.862940,0.840093,3.495750,0.316552,-25.816956,-1.598218,0.877391,0.085514,1.391146
9.651724,-11.414836,-0.193871,0.539016,0.851616,3.300956,0.678700,-22.775507,-1.177497,0.571474,0.118187,1.677703
9.993853,-10.154556,-0.302504,0.265330,0.885732,2.992921,1.091204,-19.285820,-0.695976,0.325645,0.170497,2.127615
10.387211,-9.959526,-0.353326,0.046515,0.904586,2.620003,1.500275,-16.338549,-0.287246,0.130219,0.197987,2.616490
10.724131,-10.978051,-0.302016,-0.114215,0.883664,2.259611,1.809921,-14.422463,-0.012511,-0.017228,0.167575,3.038026
10.906162,-13.412787,-0.099580,-0.210932,0.811169,2.008451,1.937772,-13.629497,0.113479,-0.112593,0.061903,3.318783
10.877568,-17.569685,0.307331,-0.228841,0.695903,1.917236,1.835557,-13.808381,0.110226,-0.143455,-0.109295,3.402152
10.628327,-23.646870,0.946554,-0.150556,0.569207,1.973809,1.485542,-14.554638,0.035603,-0.090149,-0.301615,3.237002
10.206114,-31.371470,1.788142,0.025841,0.464725,2.126312,0.925514,-15.346760,-0.049565,0.058043,-0.455196,2.821877
9.714628,-39.965526,2.747718,0.275726,0.399654,2.300010,0.250329,-15.729115,-0.103517,0.286888,-0.525078,2.221530
9.269687,-48.325630,3.706515,0.559682,0.374702,2.416754,-0.408444,-15.446201,-0.099625,0.568290,-0.498303,1.539033
8.961955,-55.346031,4.535471,0.838934,0.374180,2.440832,-0.894541,-14.596692,-0.041800,0.872112,-0.397588,0.882317
8.835246,-60.286607,5.130218,1.082253,0.372929,2.366082,-1.070381,-13.672256,0.031404,1.167945,-0.267609,0.345646
8.863435,-62.866766,5.427661,1.275234,0.356773,2.203933,-0.896670,-13.310086,0.080659,1.433480,-0.147905,-0.020847
8.959391,-63.009806,5.395918,1.429922,0.328726,2.010502,-0.449604,-13.972867,0.080983,1.667770,-0.059863,-0.214760
9.033851,-60.689077,5.032796,1.576299,0.300030,1.881045,0.128131,-15.927658,-0.002383,1.878897,-0.013758,-0.263550
9.022401,-55.965285,4.377492,1.747348,0.290107,1.878046,0.675905,-19.308313,-0.208829,2.073007,-0.009312,-0.213996
8.886960,-49.218449,3.510858,1.961078,0.317664,2.006429,1.081839,-23.916342,-0.556915,2.251142,-0.030708,-0.130890
8.633467,-41.235482,2.543194,2.204154,0.378275,2.228397,1.348785,-29.026955,-1.037867,2.400444,-0.055715,-0.066206
8.306734,-32.990135,1.598778,2.434567,0.445402,2.483666,1.560069,-33.612917,-1.611275,2.495133,-0.069905,-0.038860
7.935934,-25.332411,0.792225,2.608773,0.491068,2.705990,1.802599,-36.840007,-2.212120,2.521360,-0.070693,-0.042796
7.512727,-18.940411,0.201374,2.701500,0.498826,2.853046,2.128077,-38.508399,-2.797236,2.478706,-0.064609,-0.058765
7.010692,-14.200299,-0.150079,2.699777,0.459888,2.889995,2.528776,-39.027203,-3.349272,2.359812,-0.060087,-0.066449
6.403469,-11.335539,-0.287841,2.592418,0.378737,2.764634,2.918176,-39.082665,-3.848291,2.146534,-0.060248,-0.064494
5.694152,-10.562069,-0.273354,2.382894,0.275130,2.438745,3.171547,-39.121332,-4.248148,1.836387,-0.063624,-0.063893
4.950065,-11.945410,-0.188839,2.103060,0.167196,1.934198,3.186219,-39.145190,-4.496638,1.455665,-0.068109,-0.065704
4.267634,-15.165632,-0.111442,1.812040,0.058982,1.328788,2.913454,-38.943080,-4.566146,1.068749,-0.069414,-0.062488
3.701853,-19.926900,-0.077969,1.579423,-0.035121,0.732312,2.367847,-38.306297,-4.463336,0.769268,-0.061483,-0.054458
3.248061,-25.915474,-0.084827,1.456238,-0.087394,0.258811,1.630105,-36.862464,-4.190950,0.633823,-0.042057,-0.048402
2.846941,-32.336444,-0.106761,1.445833,-0.078183,-0.013351,0.795054,-34.267937,-3.747085,0.670982,-0.018365,-0.048973
2.392581,-37.985313,-0.100348,1.511616,-0.012744,-0.071826,-0.066120,-30.641229,-3.159129,0.830317,-0.007254,-0.059661
1.788892,-41.867901,-0.022654,1.609342,0.086058,0.049040,-0.885189,-26.653054,-2.511081,1.028595,-0.028672,-0.079403
1.029101,-43.352989,0.141530,1.700280,0.159985,0.292339,-1.553202,-23.045196,-1.906927,1.175243,-0.096499,-0.106514
0.201239,-42.614791,0.392869,1.745142,0.136824,0.566859,-1.937087,-20.351719,-1.452999,1.200170,-0.213326,-0.144287
-0.551200,-40.687166,0.723007,1.726790,-0.017832,0.781374,-1.921305,-18.705990,-1.217266,1.092717,-0.364536,-0.186668
-1.077262,-38.609321,1.090900,1.665541,-0.294817,0.899577,-1.453382,-17.896802,-1.226659,0.902845,-0.515140,-0.198515
-1.289790,-36.777335,1.440860,1.602632,-0.672317,0.942956,-0.579130,-17.703924,-1.497546,0.725316,-0.619111,-0.142014
-1.235980,-35.397899,1.738314,1.573823,-1.071656,0.955687,0.522760,-18.087799,-2.020384,0.661790,-0.638711,-0.010422
-1.063413,-34.484162,1.953881,1.581107,-1.368440,0.968175,1.575384,-18.784935,-2.673290,0.757885,-0.561095,0.158952
-0.932770,-33.578971,2.048181,1.565527,-1.470848,0.952135,2.287641,-19.304969,-3.267560,0.955953,-0.407889,0.294008
-0.939460,-32.151173,2.006050,1.442585,-1.364159,0.825823,2.464312,-19.319698,-3.645874,1.140979,-0.229698,0.305729
-1.063691,-30.072254,1.836904,1.165254,-1.090065,0.524094,2.086433,-18.858548,-3.743060,1.201569,-0.080793,0.135315
-1.161716,-27.388790,1.556710,0.745136,-0.749738,0.060681,1.338751,-18.023646,-3.575304,1.071023,0.004416,-0.226037
-1.067260,-24.389836,1.207605,0.231664,-0.450046,-0.491536,0.519685,-16.872784,-3.233150,0.744214,0.018169,-0.740116
-0.698298,-21.527495,0.856140,-0.301609,-0.234040,-1.024311,-0.101264,-15.386113,-2.805814,0.272545,-0.023241,-1.317320
-0.088440,-18.800658,0.554262,-0.781413,-0.094537,-1.416053,-0.371844,-13.516929,-2.346904,-0.274330,-0.092577,-1.810917
0.634241,-15.716864,0.347933,-1.154819,-0.036557,-1.573615,-0.262708,-11.258197,-1.894591,-0.818783,-0.171313,-2.084434
1.275385,-11.960027,0.283486,-1.389298,-0.044037,-1.466310,0.137005,-8.661760,-1.472226,-1.277384,-0.252953,-2.074478
1.656272,-7.487170,0.369293,-1.476425,-0.074016,-1.130219,0.673476,-5.646622,-1.040291,-1.586066,-0.341044,-1.810247
1.680168,-2.281216,0.558608,-1.445126,-0.097210,-0.666909,1.220175,-2.039592,-0.559518,-1.729416,-0.451311,-1.396314
1.368820,3.482332,0.787071,-1.332619,-0.106573,-0.206281,1.747501,2.211996,-0.041782,-1.718351,-0.595914,-0.968659
0.871778,9.366301,0.990570,-1.154253,-0.095473,0.149589,2.325786,6.895926,0.464773,-1.570728,-0.754950,-0.614522
0.417317,14.967928,1.110685,-0.910712,-0.070133,0.362324,3.072089,11.692891,0.915221,-1.306907,-0.880672,-0.359073
0.166299,20.015587,1.116079,-0.609286,-0.034417,0.439675,4.035306,16.346109,1.260851,-0.952801,-0.925859,-0.200251
0.123669,24.291289,1.009002,-0.272277,0.023446,0.412255,5.105927,20.672628,1.482679,-0.546145,-0.866352,-0.122122
0.171006,27.759581,0.811166,0.062500,0.105539,0.321691,6.049143,24.532016,1.615817,-0.140304,-0.716890,-0.085575
0.155621,30.526936,0.567144,0.358530,0.177692,0.209359,6.630340,27.861688,1.738188,0.214556,-0.531632,-0.063318
-0.053978,32.681302,0.340804,0.595723,0.204606,0.103358,6.685834,30.638094,1.934518,0.481217,-0.368937,-0.052616
-0.543733,34.343307,0.193690,0.766756,0.175987,0.019877,6.137311,32.869182,2.277100,0.634806,-0.264484,-0.065070
-1.364790,35.812414,0.173064,0.865513,0.102114,-0.035468,5.015836,34.681292,2.770647,0.664271,-0.232795,-0.125899
-2.488413,37.440234,0.312971,0.893675,0.012038,-0.067644,3.482765,36.305767,3.347625,0.585439,-0.264443,-0.254526
-3.760090,39.456676,0.631448,0.873556,-0.050202,-0.085701,1.763733,37.897724,3.910905,0.454121,-0.317244,-0.418160
-4.959894,41.905774,1.118169,0.847276,-0.053557,-0.084759,0.021764,39.414675,4.343776,0.359785,-0.339043,-0.558691
-5.934585,44.654030,1.729855,0.854079,0.005230,-0.057943,-1.724740,40.669464,4.487202,0.380760,-0.302682,-0.647956
-6.627491,47.383945,2.392607,0.905960,0.107135,-0.025084,-3.545450,41.428749,4.205929,0.539685,-0.218897,-0.685679
-7.033113,49.725636,3.011889,0.988759,0.220337,-0.024181,-5.467704,41.538435,3.482571,0.798170,-0.120404,-0.672479
-7.127864,51.421588,3.485341,1.077377,0.308305,-0.074210,-7.352575,41.022903,2.451384,1.068379,-0.037476,-0.612778
-6.850793,52.449320,3.724865,1.138827,0.349044,-0.164442,-8.901619,40.094905,1.359909,1.232831,0.023081,-0.505485
-6.170070,53.030672,3.680574,1.136381,0.347833,-0.250529,-9.796374,39.104399,0.496629,1.192047,0.071416,-0.345502
-5.176460,53.564881,3.357137,1.039918,0.331565,-0.252889,-9.829557,38.493394,0.078019,0.909033,0.112580,-0.152286
-4.037794,54.460991,2.809555,0.836831,0.334811,-0.101014,-8.926263,38.693180,0.186024,0.424499,0.132373,0.034965
-2.912522,55.962940,2.132809,0.561666,0.384038,0.215375,-7.182571,39.950279,0.787069,-0.132214,0.111234,0.196956
-1.926716,58.029840,1.432120,0.311417,0.477787,0.660509,-4.891814,42.159496,1.768753,-0.566218,0.039900,0.320388
-1.182804,60.355819,0.794398,0.198183,0.581992,1.159424,-2.488941,44.893755,2.949623,-0.708032,-0.084672,0.374661
-0.750161,62.514711,0.281564,0.292879,0.649693,1.583573,-0.414718,47.640130,4.125283,-0.491708,-0.265017,0.335579
-0.682508,64.154248,-0.059343,0.626953,0.647181,1.804846,0.997055,50.019087,5.128235,0.056184,-0.475391,0.214225
-0.996154,65.089951,-0.196725,1.195169,0.565168,1.781092,1.611490,51.850912,5.857620,0.851311,-0.656372,0.047762
-1.646500,65.298753,-0.117178,1.937636,0.422918,1.561992,1.486789,53.125926,6.270075,1.769731,-0.747402,-0.110146
-2.574392,64.848029,0.171599,2.744896,0.264102,1.264395,0.772192,53.902291,6.368272,2.675866,-0.719750,-0.210124
-3.744916,63.809046,0.634908,3.486920,0.137098,1.040144,-0.375611,54.211254,6.177230,3.450718,-0.584695,-0.237197
-5.084589,62.232392,1.204217,4.037364,0.069743,0.983947,-1.764110,54.077995,5.731877,4.005584,-0.395233,-0.213453
-6.443198,60.207346,1.782513,4.326220,0.059555,1.063246,-3.164380,53.542962,5.110086,4.311747,-0.216389,-0.164848
-7.611325,57.875186,2.251063,4.378182,0.078853,1.182953,-4.339372,52.586150,4.468816,4.418166,-0.086807,-0.115037
-8.352549,55.381364,2.488740,4.274489,0.088684,1.249939,-5.087335,51.129062,3.988905,4.407883,-0.015997,-0.085021
-8.488316,52.869916,2.420278,4.093437,0.063227,1.182597,-5.284644,49.188790,3.786685,4.340242,-0.003663,-0.080851
-7.998196,50.513981,2.057873,3.912572,0.012549,0.949917,-4.913022,46.965948,3.873666,4.253825,-0.027654,-0.084507
-7.014195,48.477352,1.498493,3.799040,-0.021262,0.604718,-4.045256,44.777978,4.151263,4.187152,-0.049883,-0.067581
-5.735263,46.830481,0.884147,3.778142,0.013838,0.233248,-2.822845,42.915093,4.434856,4.167533,-0.044174,-0.002650
-4.357395,45.527033,0.348698,3.831009,0.158822,-0.077282,-1.412024,41.492966,4.542261,4.193574,-0.005672,0.119258
-3.027279,44.432385,-0.026555,3.915841,0.418558,-0.237669,0.020376,40.416632,4.369156,4.238343,0.056234,0.272812
-1.832055,43.386659,-0.222231,3.979993,0.747172,-0.180644,1.303298,39.512842,3.884827,4.267301,0.116361,0.400561
-0.836259,42.293797,-0.264516,3.996162,1.063573,0.110106,2.262475,38.675897,3.128191,4.270561,0.148963,0.452050
-0.092425,41.137779,-0.207428,3.983748,1.287191,0.625874,2.768399,37.869539,2.227749,4.275874,0.146469,0.417274
0.397352,39.907452,-0.119507,3.977483,1.364844,1.332067,2.783762,37.069632,1.356622,4.320554,0.117195,0.330182
0.673206,38.552223,-0.056610,3.987567,1.288008,2.147416,2.375633,36.244171,0.650883,4.412735,0.070905,0.237884
0.775886,37.015207,-0.038436,4.013454,1.099384,2.956538,1.697025,35.341188,0.173578,4.532314,0.018731,0.169966
0.732625,35.270714,-0.048251,4.057076,0.878534,3.642484,0.934873,34.272409,-0.084469,4.658196,-0.029012,0.139626
0.580123,33.315771,-0.058909,4.118275,0.704428,4.096420,0.263581,32.916535,-0.184323,4.784865,-0.068179,0.154162
0.381963,31.167994,-0.058639,4.195983,0.625937,4.262499,-0.171623,31.155371,-0.193710,4.908735,-0.096681,0.213069
0.205545,28.901180,-0.057229,4.284224,0.646819,4.177443,-0.297915,28.973341,-0.159760,5.013427,-0.111684,0.314847
0.072894,26.655043,-0.068017,4.355909,0.732229,3.956919,-0.167925,26.533392,-0.119864,5.069016,-0.112641,0.459996
-0.048633,24.593728,-0.092822,4.371918,0.833060,3.726851,0.065810,24.153750,-0.101948,5.048790,-0.095909,0.650870
-0.213114,22.828039,-0.117437,4.299982,0.921701,3.564874,0.230567,22.151396,-0.102769,4.935022,-0.045626,0.913642
-0.451064,21.344008,-0.121626,4.120766,1.002133,3.466703,0.208601,20.629103,-0.095613,4.722438,0.063105,1.284374
-0.750704,19.982285,-0.090104,3.827991,1.095084,3.361010,-0.026493,19.381926,-0.059274,4.418587,0.248105,1.746296
-1.075828,18.502665,-0.014126,3.435119,1.223209,3.157596,-0.420169,17.988181,0.013373,4.045444,0.502396,2.206440
-1.402983,16.688087,0.112478,2.977179,1.404510,2.809444,-0.889679,15.989456,0.121370,3.635580,0.790358,2.563496
-1.717455,14.418621,0.282071,2.505010,1.628248,2.333889,-1.354117,13.095611,0.247569,3.239900,1.057836,2.757397
-1.984149,11.706851,0.468879,2.077521,1.850278,1.807563,-1.741717,9.339909,0.356352,2.913291,1.251875,2.779311
-2.156177,8.733686,0.640144,1.744860,2.015077,1.338142,-1.995742,5.103488,0.411752,2.688436,1.334944,2.672124
-2.202714,5.818168,0.769236,1.532102,2.079906,1.023951,-2.086537,0.975324,0.396992,2.565751,1.291988,2.498471
-2.108961,3.295949,0.841817,1.440280,2.030088,0.903448,-2.014342,-2.456108,0.316497,2.530989,1.137695,2.289308
-1.884098,1.388892,0.861286,1.460175,1.894168,0.935754,-1.816467,-4.793668,0.196456,2.562718,0.919355,2.070599
-1.569446,0.147594,0.837103,1.580047,1.722343,1.021372,-1.553172,-5.967181,0.074674,2.643319,0.699047,1.869302
-1.221622,-0.532334,0.772166,1.779896,1.549773,1.054051,-1.281595,-6.207068,-0.020666,2.762826,0.526525,1.670698
-0.896109,-0.842823,0.667758,2.015003,1.390339,0.967813,-1.037814,-5.898270,-0.082069,2.902372,0.420765,1.423671
-0.646698,-0.981191,0.528912,2.219714,1.246511,0.764434,-0.843652,-5.446008,-0.111728,3.015729,0.368257,1.110581
-0.505568,-1.081875,0.356403,2.335094,1.100117,0.495967,-0.707262,-5.146989,-0.115653,3.058721,0.335962,0.756661
-0.468676,-1.184641,0.153667,2.337025,0.923788,0.228011,-0.628379,-5.092313,-0.098825,3.020581,0.290997,0.410011
-0.514595,-1.256417,-0.064626,2.236689,0.708732,0.015349,-0.608525,-5.214973,-0.063188,2.916126,0.214946,0.129091
-0.625942,-1.254003,-0.281013,2.061737,0.472540,-0.110435,-0.660808,-5.415863,-0.012283,2.762242,0.108803,-0.045168
-0.789221,-1.200814,-0.480818,1.830991,0.257079,-0.152508,-0.804246,-5.658180,0.036310,2.563594,-0.002290,-0.125815
-0.991767,-1.214822,-0.652196,1.549028,0.121463,-0.139611,-1.051300,-5.976816,0.052766,2.304535,-0.073174,-0.143485
-1.210879,-1.453499,-0.797840,1.213581,0.109762,-0.103372,-1.388033,-6.431533,0.004256,1.965945,-0.059537,-0.117290
-1.404070,-2.006965,-0.927426,0.818937,0.228912,-0.066756,-1.755916,-7.019996,-0.132359,1.544976,0.058582,-0.069973
-1.516444,-2.844637,-1.036215,0.352266,0.461141,-0.045370,-2.048499,-7.649680,-0.363083,1.045974,0.271105,-0.030339
-1.496156,-3.817862,-1.111899,-0.183687,0.768158,-0.045375,-2.147538,-8.171047,-0.663921,0.479871,0.539729,-0.010360
-1.310077,-4.681865,-1.147420,-0.742481,1.086546,-0.064622,-1.970052,-8.399402,-0.976125,-0.107812,0.805685,-0.011296
-0.964666,-5.141457,-1.129414,-1.232391,1.344506,-0.097773,-1.498209,-8.125747,-1.214899,-0.625051,1.002119,-0.029064
-0.512774,-4.976096,-1.041287,-1.553008,1.488009,-0.132640,-0.791633,-7.222671,-1.305127,-0.967721,1.076314,-0.044378
-0.032574,-4.148679,-0.883413,-1.641682,1.492537,-0.147385,0.027471,-5.746468,-1.216740,-1.066250,1.007040,-0.026340
0.401144,-2.832263,-0.675242,-1.508255,1.372864,-0.119199,0.818590,-3.948298,-0.980987,-0.919716,0.815785,0.044009
0.739063,-1.344538,-0.449683,-1.222110,1.178570,-0.029702,1.464181,-2.172130,-0.673069,-0.592384,0.562378,0.177333
0.967092,-0.023564,-0.252069,-0.868390,0.973989,0.137613,1.893848,-0.715289,-0.376868,-0.172929,0.324292,0.388382
1.096713,0.914769,-0.116935,-0.519749,0.819245,0.385776,2.105692,0.280454,-0.148867,0.260810,0.163471,0.677522
1.151339,1.415067,-0.046779,-0.237020,0.758545,0.691396,2.166703,0.824745,-0.012258,0.642569,0.110613,1.012696
1.171026,1.537631,-0.026759,-0.057585,0.796823,1.000805,2.173329,1.017978,0.038043,0.925017,0.161508,1.338624
1.208861,1.408037,-0.039835,0.019034,0.889895,1.242628,2.210897,0.998425,0.032163,1.092082,0.279585,1.589405
1.308701,1.188125,-0.059038,0.028278,0.961306,1.352696,2.333951,0.921272,0.021964,1.159799,0.405638,1.703150
1.490489,1.010347,-0.051590,0.019021,0.936988,1.288262,2.549038,0.901646,0.057338,1.162542,0.486409,1.650438
1.749498,0.930723,0.009190,0.026788,0.778412,1.028781,2.821006,0.968246,0.165895,1.128132,0.496420,1.446117
2.050858,0.933005,0.139254,0.049394,0.499177,0.599148,3.099451,1.070375,0.348298,1.052870,0.444912,1.133233
2.331588,0.967158,0.340651,0.053779,0.155180,0.084091,3.330018,1.137162,0.589953,0.911029,0.367816,0.769098
2.513482,0.990203,0.600610,0.003967,-0.172235,-0.398312,3.462261,1.128956,0.874472,0.680306,0.308608,0.421042
2.521899,1.001451,0.902593,-0.125785,-0.398317,-0.743471,3.471747,1.057968,1.193032,0.351411,0.291744,0.144757
2.312201,1.025325,1.232588,-0.354001,-0.463637,-0.889995,3.360492,0.960143,1.536363,-0.069269,0.320034,-0.034462
1.898624,1.073068,1.574888,-0.680020,-0.355101,-0.859325,3.138003,0.861653,1.888611,-0.549553,0.387256,-0.120343
1.352615,1.135208,1.909215,-1.072511,-0.103681,-0.758536,2.819238,0.765537,2.230407,-1.037393,0.485972,-0.137682
0.771998,1.205465,2.219055,-1.478147,0.234306,-0.704356,2.425979,0.668935,2.549062,-1.478475,0.611304,-0.120891
0.250128,1.280341,2.494834,-1.840111,0.601335,-0.763959,1.974441,0.567045,2.834394,-1.827525,0.767153,-0.095162
-0.145345,1.348701,2.732631,-2.118803,0.957208,-0.954916,1.481797,0.446877,3.075021,-2.068258,0.955964,-0.072612
-0.386503,1.397897,2.934605,-2.315486,1.273365,-1.205681,0.978909,0.296735,3.263978,-2.231313,1.162539,-0.059215
-0.481319,1.417469,3.104239,-2.470588,1.516633,-1.359893,0.498178,0.120009,3.398120,-2.374209,1.348729,-0.056325
-0.463760,1.388457,3.232413,-2.632591,1.652450,-1.301520,0.061270,-0.076222,3.472128,-2.547284,1.460013,-0.059080
-0.388086,1.301933,3.307993,-2.834721,1.658818,-1.059557,-0.316895,-0.278830,3.498231,-2.782702,1.443168,-0.062104
-0.316791,1.185150,3.343024,-3.089762,1.529905,-0.795802,-0.630436,-0.449347,3.515658,-3.086997,1.280294,-0.063334
-0.302250,1.100609,3.375897,-3.383688,1.285066,-0.763178,-0.882830,-0.522399,3.568937,-3.433838,1.011168,-0.063033
-0.376492,1.117674,3.445327,-3.676545,0.977586,-1.220498,-1.074159,-0.439089,3.683695,-3.775656,0.723474,-0.062345
-0.548523,1.289145,3.566089,-3.918558,0.684237,-2.256179,-1.198408,-0.179361,3.870726,-4.060749,0.522240,-0.062361
-0.799618,1.607170,3.711438,-4.057847,0.482462,-3.705993,-1.256166,0.208116,4.121946,-4.230420,0.490487,-0.062599
-1.081257,1.971399,3.824906,-4.044527,0.430826,-5.246135,-1.254966,0.586716,4.401949,-4.226287,0.650492,-0.062538
-1.323146,2.198289,3.858910,-3.846397,0.543860,-6.479643,-1.203153,0.767804,4.652547,-4.010397,0.950967,-0.062366
-1.453874,2.084372,3.791873,-3.452946,0.779246,-7.020643,-1.115143,0.566162,4.792257,-3.564094,1.288061,-0.062285
-1.430323,1.462417,3.608734,-2.862932,1.057470,-6.677841,-1.017020,-0.174463,4.725409,-2.877745,1.543246,-0.062408
-1.261477,0.271906,3.324154,-2.097926,1.292281,-5.555166,-0.941655,-1.528169,4.408173,-1.975254,1.625525,-0.062847
-1.004896,-1.411573,3.008972,-1.219787,1.407983,-3.966707,-0.921241,-3.412757,3.883900,-0.931941,1.503969,-0.063445
-0.737419,-3.402013,2.757465,-0.319186,1.361954,-2.305455,-0.972965,-5.622112,3.243307,0.137542,1.213965,-0.063803
-0.518003,-5.475691,2.632821,0.506189,1.164363,-0.935393,-1.085182,-7.938122,2.583530,1.104629,0.835225,-0.063452
-0.368666,-7.487086,2.638991,1.169091,0.873552,-0.053523,-1.225373,-10.249743,1.997429,1.858721,0.459877,-0.062150
-0.275746,-9.524594,2.706186,1.625003,0.575999,0.353668,-1.364017,-12.585476,1.549420,2.351340,0.160882,-0.059863
-0.196907,-11.797294,2.738541,1.882598,0.362504,0.409413,-1.480079,-15.010271,1.260445,2.601541,-0.025479,-0.057194
-0.075247,-14.363592,2.684911,1.978368,0.293889,0.260355,-1.551148,-17.421770,1.121263,2.663154,-0.101753,-0.053626
0.135927,-17.101486,2.545792,1.958476,0.378055,0.063372,-1.553854,-19.520958,1.087000,2.602726,-0.098422,-0.050442
0.451679,-19.782027,2.326218,1.881606,0.576135,-0.073007,-1.478370,-20.996438,1.069051,2.499452,-0.054985,-0.051640
0.840470,-21.984994,2.038825,1.799401,0.819496,-0.129983,-1.341288,-21.733536,0.984744,2.421735,-0.000702,-0.054721
1.227409,-23.243907,1.713451,1.744626,1.023998,-0.132955,-1.187776,-21.853496,0.796094,2.410244,0.045096,-0.051739
1.528324,-23.456384,1.376462,1.742263,1.115320,-0.100578,-1.074693,-21.672814,0.491535,2.481445,0.068975,-0.045386
1.685768,-22.988378,1.042307,1.813730,1.059225,-0.050808,-1.047933,-21.609568,0.072524,2.637944,0.064743,-0.047985
1.671361,-22.454671,0.719360,1.971032,0.874493,0.004438,-1.141565,-22.094662,-0.441180,2.875458,0.036651,-0.066094
1.477877,-22.495672,0.399131,2.224156,0.627006,0.069732,-1.381920,-23.333820,-0.999646,3.193169,-0.004713,-0.094378
1.134456,-23.425717,0.084469,2.569556,0.407690,0.138406,-1.768368,-25.117847,-1.520744,3.576890,-0.042687,-0.124832
0.719180,-25.052549,-0.187109,2.967607,0.292907,0.178037,-2.253768,-26.807695,-1.903275,3.975651,-0.062522,-0.151232
0.349996,-27.159095,-0.380240,3.351265,0.308293,0.174226,-2.764400,-27.596223,-2.069086,4.313928,-0.059370,-0.170145
0.158525,-29.825528,-0.498662,3.660077,0.430820,0.159495,-3.228767,-26.843599,-1.992099,4.531309,-0.034658,-0.158724
0.243137,-33.060233,-0.565569,3.852024,0.621964,0.186390,-3.581547,-24.290736,-1.676089,4.596694,0.014309,-0.048942
0.626419,-36.613534,-0.605087,3.909194,0.850270,0.321113,-3.760257,-20.040812,-1.135462,4.515047,0.083643,0.242384
1.259275,-40.366856,-0.640114,3.851465,1.088137,0.639046,-3.730981,-14.654318,-0.447576,4.331896,0.157210,0.754984
2.050601,-44.288293,-0.678297,3.733117,1.314953,1.164354,-3.515968,-9.241750,0.215943,4.120075,0.215937,1.471115
2.887989,-47.789960,-0.707002,3.619928,1.521180,1.829193,-3.218190,-5.302630,0.630891,3.958432,0.249618,2.307368
3.660960,-49.612328,-0.710912,3.570396,1.701211,2.518575,-2.999720,-4.208598,0.606839,3.915000,0.257262,3.118476
4.285005,-48.489836,-0.678448,3.613857,1.845033,3.097756,-3.022994,-6.873448,0.025290,4.008718,0.246227,3.731640
4.708048,-43.821863,-0.601426,3.735684,1.935077,3.419281,-3.378781,-13.547380,-1.136610,4.183290,0.222652,3.988860
4.908280,-36.209791,-0.485769,3.894297,1.932283,3.366294,-4.047642,-23.676195,-2.783647,4.337151,0.186480,3.790396
4.883879,-27.580492,-0.346714,4.041209,1.792873,2.912544,-4.910166,-35.927465,-4.705439,4.369687,0.135762,3.167173
4.619874,-20.176282,-0.196142,4.118925,1.519256,2.130883,-5.799937,-48.369102,-6.612424,4.199063,0.073660,2.299199
4.086554,-15.413247,-0.045194,4.073107,1.177739,1.204643,-6.516329,-58.818264,-8.202888,3.795108,0.004111,1.430216
3.302923,-13.989168,0.086312,3.901232,0.852923,0.403620,-6.857334,-65.748759,-9.324213,3.216980,-0.066775,0.769839
2.406851,-16.270612,0.172174,3.678962,0.617242,-0.022935,-6.675813,-68.871067,-10.037545,2.609182,-0.124437,0.447039
1.636466,-21.593477,0.186925,3.529343,0.514743,0.055754,-5.898360,-68.843966,-10.508282,2.161800,-0.148511,0.457407
1.239413,-28.185571,0.119815,3.557606,0.538965,0.645471,-4.452029,-66.587864,-10.840742,2.037695,-0.128032,0.680469
1.355407,-34.242217,-0.021879,3.791971,0.639021,1.615438,-2.241169,-62.845276,-11.028189,2.268134,-0.076502,0.959252
1.943153,-38.515710,-0.215414,4.167451,0.758502,2.712934,0.802313,-57.926224,-10.966274,2.725512,-0.034971,1.140626
2.791376,-40.271771,-0.419997,4.566688,0.841480,3.642014,4.639714,-51.792016,-10.503031,3.207410,-0.054118,1.107445
3.596278,-39.620015,-0.580553,4.853636,0.841437,4.158558,8.990383,-44.347361,-9.507167,3.529631,-0.169183,0.847712
4.040245,-37.039056,-0.654232,4.887269,0.754212,4.132012,13.226407,-35.538443,-7.945604,3.571548,-0.388308,0.445242
3.897081,-32.719221,-0.632669,4.565154,0.618719,3.585436,16.552080,-25.433046,-5.918813,3.327122,-0.685878,0.005166
3.125802,-27.062273,-0.547335,3.892747,0.472308,2.668239,18.271302,-14.718706,-3.724230,2.918038,-0.997782,-0.378759
1.909868,-21.249125,-0.459180,2.999662,0.338854,1.566154,17.952174,-4.689962,-1.792908,2.539528,-1.233697,-0.626118
0.587308,-16.260971,-0.429221,2.076269,0.229769,0.425503,15.585229,3.368594,-0.488442,2.370679,-1.317030,-0.712466
-0.500223,-12.439252,-0.479412,1.274943,0.130260,-0.653814,11.668910,8.619229,0.061335,2.486391,-1.220650,-0.667019
-1.168822,-10.003480,-0.591844,0.651796,0.011540,-1.604960,7.022065,10.822647,-0.049987,2.791580,-0.979814,-0.532884
-1.443106,-9.083736,-0.733511,0.187318,-0.131756,-2.371429,2.500730,10.349110,-0.596227,3.080525,-0.672882,-0.363107
-1.476847,-9.379309,-0.861311,-0.145798,-0.279849,-2.887049,-1.182595,7.886253,-1.306136,3.176086,-0.380948,-0.211766
-1.421847,-10.538854,-0.925820,-0.355757,-0.400195,-3.084225,-3.624618,4.217693,-1.909747,3.019281,-0.151698,-0.099610
-1.355644,-12.135482,-0.897272,-0.454046,-0.453937,-2.927177,-4.815556,0.236110,-2.204748,2.657191,-0.001005,-0.028734
-1.267621,-13.532753,-0.778069,-0.464115,-0.418045,-2.446314,-4.964425,-3.190894,-2.103416,2.207900,0.076713,-0.002746
-1.092051,-14.227410,-0.596537,-0.401719,-0.303325,-1.749155,-4.311750,-5.545493,-1.666548,1.802137,0.106851,-0.012466
-0.731794,-14.088663,-0.398984,-0.267990,-0.136374,-0.989846,-3.090943,-6.645317,-1.057824,1.531087,0.128690,-0.027471
-0.083977,-12.974488,-0.232042,-0.074954,0.055230,-0.323608,-1.476642,-6.483343,-0.442396,1.415167,0.167930,-0.022385
0.881836,-10.792697,-0.116764,0.128279,0.236029,0.136225,0.397471,-5.284962,0.082814,1.408593,0.221888,0.009201
2.058406,-7.782384,-0.048923,0.271920,0.369569,0.350872,2.326741,-3.474531,0.468531,1.414602,0.263011,0.055590
3.237744,-4.419410,-0.019541,0.312087,0.436050,0.356453,4.039219,-1.495570,0.687534,1.344429,0.256797,0.086100
4.207513,-1.159828,-0.020323,0.259200,0.435207,0.236931,5.307534,0.284981,0.736338,1.170896,0.183572,0.062661
4.837910,1.550583,-0.037596,0.160797,0.380592,0.088051,5.994742,1.655402,0.655057,0.928943,0.050887,-0.039611
5.132584,3.407630,-0.057224,0.057068,0.291379,-0.024179,6.080177,2.599292,0.506108,0.665187,-0.123007,-0.229260
5.205286,4.353558,-0.069396,-0.041740,0.178135,-0.090234,5.685199,3.212507,0.342874,0.415624,-0.320061,-0.492277
5.195316,4.523726,-0.070107,-0.139335,0.044207,-0.137654,5.004581,3.619910,0.193007,0.204423,-0.515122,-0.786611
5.196676,4.179906,-0.063826,-0.228370,-0.097224,-0.188032,4.194775,3.965189,0.065562,0.054199,-0.670485,-1.047755
5.254261,3.672114,-0.059782,-0.294163,-0.221862,-0.243303,3.364616,4.385805,-0.033312,-0.017781,-0.752419,-1.209227
5.352586,3.293454,-0.060891,-0.326024,-0.309026,-0.295252,2.565430,4.929354,-0.092632,0.000043,-0.743827,-1.226153
